

StartWaveNumber: 100.0
StopWaveNumber: 3500.0
NrWaveNumber: 1701
-6.116541172066512
11.332502852814606
37.1812054268686
79.98090645046999
122.78060747407137
169.20012096033028
220.81234601806665
272.424571075803
308.486545404424
328.0426305289767
347.5987156535294
368.3383252655084
389.9693112406956
411.6002972158829
413.34650663016663
404.75342095041475
396.1603352706628
387.3226867194146
378.4029056799477
369.4831246404808
368.86116013643004
369.8940651739575
370.9269702114849
376.7655249490854
382.96970592992426
389.14501516606134
394.31906956304147
399.49312396002153
400.35910651880107
372.12350695589845
343.8879073929958
324.8749723792482
337.66333178326903
350.4516911872899
354.06865944726644
339.1953097138417
324.321959980417
307.9390963832698
289.6387596334965
271.33842288372307
264.13200294809457
266.21152656478296
268.29105018147135
266.25678975130603
262.09461292773034
257.9324361041546
243.29752827406668
225.6391107111846
207.98069314830252
214.94828260439078
225.02707379375897
235.0145741698529
236.4020963737648
237.78961857767672
241.26665189009927
259.0210605465706
276.77546920304195
283.95361445489027
260.2554037764252
236.55719309796024
217.97490775545327
207.5398021261895
197.10469649692575
192.71327141189923
194.10961123136033
195.50595105082144
206.1330486883069
221.81444350458224
237.49583832085762
231.2216366483746
218.6294184780376
206.0372003077006
202.43713146728976
199.64421499676382
197.46635872013783
206.225525106949
214.98469149376012
221.09477873632804
216.54797262688484
212.00116651744167
207.32921813656588
202.4142811593293
197.49934418209273
193.2778808987164
189.7739348416161
186.2699887845158
192.82600931970674
205.1010491493145
217.37608897892224
207.27019361680166
191.07945743692107
174.8887212570405
177.98484509084992
182.2011248362933
186.5237127575584
191.8138307599447
197.103948762331
201.0927596075544
201.44475800694042
201.79675640632644
206.76450219218205
218.03874061081174
229.31297902944144
243.70963432629904
260.3279915029641
276.9463486796292
263.38685510754084
240.0913210795307
216.79578705152056
218.26105120521473
221.79448484986347
224.86838478670322
223.45018596415048
222.0319871415977
234.9756295293396
286.2952097500397
337.61478997073976
354.759836456164
329.6080459397196
304.45625542327525
291.68102239428646
286.36242516442786
281.04382793456926
271.9905336592234
262.02528815705256
252.0600426548817
266.12310285994454
280.3318161413971
295.7506884955244
316.7275986472568
337.7045087989892
335.2322625840923
292.1727167903387
249.11317099658504
225.23331266248908
216.66201978694596
208.09072691140284
213.00828205548964
222.27754007776855
231.54679810004745
219.78207288069348
206.93606584593263
195.04400405386036
188.6141041589598
182.18420426405925
177.25088059217646
175.10599384284075
172.96110709350503
166.86563823857801
157.56270381651086
148.2597693944437
157.11659261892743
171.79989646387696
186.48320030882653
185.959720924602
184.8814920558701
182.3634108427707
173.3939777717077
164.42454470064473
167.94120163533375
190.56462479084004
213.18804794634633
207.95660955878486
184.9532986046762
161.94998765056755
152.93438576412555
146.81860755656618
140.56251672502955
131.5591017838371
122.55568684264462
116.8818312493511
120.1254483205153
123.3690653916795
126.97283578666578
130.94083567732557
134.90883556798536
138.87943145523712
142.85101198661866
146.8225925180002
138.0238656822124
128.62802636766136
121.88470337318977
126.58685851361766
131.28901365404556
131.2405125545245
124.72396904866869
118.20742554281287
119.35455510175697
124.427543228532
129.50053135530703
119.20985507322789
107.24133120137208
98.15249803025691
106.13869460410726
114.12489117795761
123.10466829675904
133.64139708858409
144.17812588040914
136.2118528507185
117.71428059741191
99.21670834410534
167.8017970098533
248.24355754281513
307.88580250891323
231.74358130489685
155.60136010088047
113.81000545661622
126.20790063616195
138.60579581570767
151.24648841262294
164.0204821862045
176.79447595978604
158.4813705235665
136.92874885903922
119.0
119.0
119.0
125.00692107240293
138.87628296068323
152.7456448489635
149.38217900996383
138.39369829453213
127.40521757910044
135.4741924293854
144.2728492226283
148.6674697338818
138.7601206293253
128.85277152476877
131.10132727582564
145.02045846270283
158.93958964958003
162.0
162.0
161.69220504713607
156.54125393958353
151.39030283203098
148.0
148.0
148.0
142.70475442435313
134.24983965281743
125.79492488128173
140.04024792748143
156.64131610009304
169.56729633541485
167.351845472669
165.13639460992314
186.2611776359957
231.96643634738672
277.6716950587778
294.0125630783392
301.780494506222
309.70574740111135
319.7019876886688
329.6982279762263
340.50749457218865
352.7035660015075
364.89963743082643
395.835427851773
436.2626221309263
476.6898164100796
456.448538394634
434.1752329971011
423.9848589709536
445.84465053587076
467.7044421007879
471.44262159407737
461.7736567504485
452.1046919068196
422.3932421494744
390.0965442291971
358.99364702311505
332.9154757659499
306.83730450878477
295.13292593211554
297.3642478720487
299.59556981198176
270.9714695106584
235.51671588500278
204.7405627372832
202.8778219657389
201.01508119419455
203.06241125911825
209.7920919753218
216.52177269152534
220.03828196961217
222.6503182574894
226.39211699079237
240.2522164673946
254.1123159439968
277.7855953376552
314.4190018020945
351.0524082665338
367.93962846220734
378.4452118975859
387.1525783724551
377.7891977326289
368.4258170928027
351.7776339354363
325.0912620490932
298.40489016275006
286.58217319598094
279.45339715888986
269.37167104994535
231.07384251446615
192.77601397898692
170.3496792250432
168.84222534053208
167.33477145602097
159.09842137850796
148.94114000602747
139.36717154551548
134.0817525555684
128.79633356562132
122.80542118364448
116.02193059877564
109.23844001390678
110.1583148688224
112.79867105754857
113.93001050657786
107.49498077937687
101.0599510521759
96.21665929878175
92.81648658251709
89.41631386625244
95.30586509900384
102.49153692191551
107.91141296442457
107.53187919000744
107.15234541559033
100.19644888323002
88.83064894470316
77.4648490061763
84.27370809954093
91.85758877047229
97.12216080184947
97.50162610589156
97.88109140993365
98.0
98.0
97.44253342116124
88.31782483393175
79.19311624670225
76.29544739246855
81.62287880433827
86.950310216208
99.00775918965158
112.71664747227557
121.43703561898582
106.95141432864001
92.46579303829421
88.54154531407283
93.13215021917088
97.72275512426894
118.81082368436878
140.95928071882923
148.64193046773917
125.71341332929751
102.78489619085586
103.54155420654763
114.25269859210587
122.72523280864495
108.5588013867262
94.39236996480747
89.01567645936298
93.23101204660733
97.4463476338517
107.3272728840369
118.06484436304953
123.99085826196313
116.29274911633257
108.594639970702
114.91516100042476
128.36285316427515
140.2582811689145
127.95248386620786
115.64668656350122
106.34541048636599
100.57297697479673
94.80054346322747
106.94036884928522
121.96431710063361
133.0
133.0
133.0
117.9643771025368
95.58569870847367
76.05214982391408
89.18432456129949
102.31649929868492
105.58301492267024
98.62461621007586
91.66621749748147
93.44868918766959
96.15664611206627
104.18214972381034
123.544787195841
142.90742466787165
134.86009379936326
117.03093246249757
105.89658168094887
130.72399450921543
155.55140733748203
171.17103361374203
180.09967899613818
188.92726646359966
165.999598231157
143.07192999871432
121.97479194385345
103.30553516733201
84.63627839081057
82.0
82.0
85.15020862803662
96.03070481708588
106.91120100613512
104.41579982982823
96.61790071383155
89.52751206028984
86.40512369042041
83.28273532055097
85.68250219167261
91.93270356500061
98.18303340723371
104.43762480159964
110.69221619596557
115.47492728635476
118.60545658959718
121.73598589283961
104.06873747675918
84.48595527143092
75.54150884059797
85.31384751387442
95.08618618715087
87.21947015509886
75.05705395791136
68.00486293065978
75.85707967774087
83.70929642482196
82.65964802866533
77.94345535236815
76.06241666770728
88.64981743444903
101.23721820119077
106.244043090195
106.6366332205551
106.91200659590778
105.7298922626251
104.54777792934243
104.42318637833901
105.21181317064851
105.99471500528904
96.5214437888992
87.04817257250939
82.0
82.0
82.0
92.28214140451267
103.3534156389255
104.7806863361362
91.72113763505244
78.66158893396869
76.31056181236241
75.52061766693583
80.00090376198534
94.66873245361506
109.33656114524479
101.93359896986553
89.63374467842073
80.64590753804976
79.45792186729554
78.26993619654132
74.6214157889909
70.24941869857645
73.43378034720507
98.49080011781687
123.54781988842868
115.84787432830316
96.78777495359137
84.9470656365056
98.0947946848684
111.24252373323122
106.47866720479172
94.54755338622337
82.52791708469181
70.15369647285574
57.77947586101968
60.087577711390495
68.85212299765823
78.95021953535918
94.94442996131909
110.93864038727901
108.06688062442478
96.4611262978806
87.36904051797308
89.36612044553748
91.36320037310188
123.12854926388769
168.82957197123727
200.9962107934254
174.18937108663732
147.38253137984927
124.64791362672838
103.76603996074454
87.7109620393946
91.31806100188417
94.92515996437375
97.12958932409613
98.73864297803408
98.00465757129264
88.77070840256087
79.53675923382909
61.510574244354544
40.15406928171707
26.05730620215597
34.502748454742466
42.94819070732896
52.92271015444989
63.387932589469365
71.11014028913786
71.51412907172829
71.91811785431872
110.89854507322175
159.68541894661612
179.0109031402221
134.9008082732211
90.79071340622008
77.16582757550627
69.08809471440134
67.89049628683838
78.40226666174217
88.91403703664596
98.36609096988352
107.6960532077299
111.07765348751262
106.62277232473166
102.16789116195069
106.69234837603723
111.56846294256655
110.74587957295105
104.25499762851132
98.05901163325096
99.6828480603272
101.30668448740346
98.97322756057301
93.69125778737327
89.41045674067435
93.08063806332805
96.75081938598176
94.50986411478782
89.21889848485668
83.26643737687426
74.71079764998537
66.15515792309647
64.0
64.0
61.783378434751356
54.43749918595996
47.091619937168566
48.43387840747964
51.292566542517484
51.847766286930934
48.986647102307394
46.125527917683854
50.70680025731363
55.62958118483731
60.54734500595022
65.4604493614739
70.90367095084231
82.78905578981093
94.67444062877955
96.13052046007792
91.61919030238852
94.00676115909081
124.38146374191004
154.75616632472926
140.66661782882838
112.65231619904868
89.46562235391298
75.89719458603363
62.32876681815431
88.09856091687763
118.13900631192692
125.83369794121339
108.5326515999249
91.3958500077352
77.79291072328147
64.18997143882774
64.6133926709994
73.68969500384408
80.8392923819037
80.01333930783605
79.1873862337684
90.21217921942866
104.71455126390354
112.8095151477113
109.50012123473675
106.19072732176221
133.30687271360733
162.28374334011872
163.34481092154982
139.31512394551075
117.39094905739795
111.99954597019804
106.60814288299814
108.78582655347299
114.18088686291954
121.03322429638438
131.41709267599708
141.80096105560978
141.89689106623283
140.64977612986974
135.6150982259362
126.46036654355566
118.47375125199953
124.719839014394
130.96592677678845
119.79123972296223
100.20368247326375
87.26132507266722
91.85026484137965
96.4392046100921
123.38385564356945
153.44085286835013
152.87772843395203
119.45297451492331
87.47543049342315
70.32800679185587
53.180583090288586
57.0542046384745
70.02807871767713
79.9044258878676
82.83647136134597
85.76851683482433
99.9002684131643
114.99202132538207
107.16485521068697
79.468839340288
54.27410148041002
42.966195967410926
31.658290454411823
47.00252319618137
70.53777070940913
81.91907398279402
73.92720682176761
65.97615386568948
63.02882726799106
60.08150067029264
63.26761081004513
70.00888429345076
72.2630889442637
61.721030296491506
51.17897164871932
45.12631435297993
39.638948922445294
45.11247086364098
60.74083562242527
78.66593431764024
109.44464093737403
140.22334755710784
153.59882581635313
162.0607400483534
166.82372012912535
166.40027092592408
165.32715736231145
153.03484264875868
140.7425279352059
122.2491238443762
101.04129530942546
85.42621017831748
80.76891443462164
76.1116186909258
80.14683020097965
84.39548544433507
83.8825737425937
80.48025320313504
76.96198152735745
73.13181486741439
69.30164820747133
66.65190609011451
64.10307684940054
55.26246897906796
41.621374255256825
32.79445141085213
40.900592998331405
49.006734585810676
65.32107999388465
82.7816459699799
80.59286925501765
60.931516101156944
48.00208352347411
63.827178163901834
79.65227280432956
56.91201040580535
27.453749265894224
15.400348606214385
20.112937503633482
23.39911867561865
19.96893563806165
16.538752600504658
28.62710468438144
43.60698445142759
44.69082640475133
32.23368216640877
22.460331929629184
25.039382554008846
27.618433178388507
21.419491356883473
13.696355967495618
16.28566632115936
28.341219140096058
38.68535914506494
42.13265555644572
45.5799519678265
43.733679132750524
41.15289327904653
36.417263566284404
29.941793583606497
27.244941714274077
36.7235075267525
46.202073339230914
40.26891376496072
32.91910429203451
30.26015693965016
30.691714414459035
34.092509014261374
44.91894632242798
55.745383630594574
29.40735561628375
2.1742423289516637
7.382244461399978
29.070936608660134
49.816077283187234
68.86747864490722
85.51186406879229
54.65791719677498
23.80397032475767
13.084441440255288
9.181769837957567
21.971236528682706
55.92309878049193
81.31983755778727
55.689198158951264
30.05855876011526
30.40278014251271
35.63389679162009
42.7663443682432
51.46902723376067
56.14763651411425
48.72466971265832
41.30170291120239
41.83627259093467
42.707975111040916
50.56197147483411
61.93344630393793
65.03345388047707
54.55579866620739
44.26959584798075
35.96795402744499
27.666312206909232
40.370413514756116
58.349629734474476
57.00842738490933
37.75195715227645
23.410922171057006
25.167584969838796
26.92424776862059
16.51343370719403
5.554277847998581
12.968226728690823
29.201108085677223
38.65101032094999
37.77051337495467
35.84727593731523
26.61889748800947
17.390519038703708
19.361840004282563
23.320105931273986
23.983878549121265
22.218548231286093
24.547606487569443
36.00134179148368
47.14013852293483
50.667254178302116
54.1943698336694
36.95538256307103
13.569091174306728
7.817213721808719
19.329505356040052
26.908994534886325
22.489265352285784
18.069536169685243
11.904744719790806
5.712059117712865
8.81730870076548
15.475323676147326
20.459556482291987
23.560960446964977
26.284102533619848
27.614362294954717
28.94462205628959
22.620381795875737
15.96364760114129
27.151376503854422
45.80545755161277
44.27731301909033
18.427681804493467
2.0123793752882797
21.14175873670112
40.27113809811396
31.1498329536767
20.90949147323382
26.612798687474843
38.64387278874822
41.63432706686393
34.4989897246926
25.613347829406095
10.845760893925188
-3.9218260415557182
8.440959565680485
20.94812729486042
17.916647021727716
9.869778482818226
7.857995403241786
11.437292127759932
12.601053157881836
7.675516311252261
4.433100252965371
32.66593356900674
60.89876688504812
74.08426782688483
83.95136668967449
73.13811561941984
47.93496177271027
32.33040098812903
33.22886606831241
33.36282736508246
28.866854704152992
24.370882043223524
16.15596710532266
7.606686443577271
14.390655292277417
27.900470154940663
37.566193245378834
42.974501230386934
44.578122359981826
35.10591170836203
25.54611956723189
13.809118549452498
2.072117531673104
4.463592226511071
9.884163160534689
10.897348206679041
9.088729997103103
18.086591035910764
43.42773693053395
59.65339702262345
36.55618448163946
13.45897194065548
5.892064006296085
-1.359979616383109
2.9675942684310153
10.679118635593671
20.462044745998334
31.811684306577103
31.836742392754402
12.29959639854522
-1.1365999049366362
16.142723251072805
33.42204640708225
27.841898430217398
21.47069476037268
11.94266974714372
1.467249127680045
-0.6470806898716357
3.4553021217640874
8.425018436426159
14.811646269938734
21.02775011723095
26.50550974309415
31.98326936895736
15.601013071583104
-0.8482144616781682
6.692241905752393
19.91877976283242
14.571873016202117
-2.3615386401407754
-6.475056514600947
6.349724822345003
11.461344816722702
-6.874502514670951
-23.12179108631787
-9.817617405706573
3.4865562749047285
3.779490632509493
2.402318170315137
7.85478913518656
16.125824546427914
8.510093856659937
-13.103835515287017
-28.4751638009183
-32.606422872808494
-35.17752996729132
-30.57142999642455
-25.836920468523676
-4.170892810097428
17.495134848328817
10.94534737827779
-1.0497207632618242
10.173479477954382
32.79768036577222
33.06619429260627
11.408762272404367
0.8695875877620542
12.431064802755545
19.04867808328334
1.92399976268376
-15.151986326797047
-28.121568042750688
-41.09114975870433
-28.807474112420586
-12.165615960770563
-6.360131309240597
-5.432248836024514
-0.2877187601327744
8.534207039967313
9.757288817078187
-1.395095498627093
-10.317850577706514
-11.709340228619007
-13.472158333138605
-19.98811805864042
-26.504077784142236
-11.077210409766776
6.157276172981085
0.5836217462387445
-11.534756366687546
-18.057014669806698
-21.314200548214465
-10.610929514640281
15.069262669693245
27.38297717173467
13.831729062289185
3.7487105423654423
7.479503431042161
10.393219436636615
-0.3714606766888622
-11.136140790014338
-11.138374248257328
-10.201570554355067
0.27434087260997586
13.365481579079965
10.423490688364893
-1.3052050146435583
-14.70792173325418
-29.690579344353043
-36.33109167651931
-29.282674711016792
-24.11780959723129
-24.58807707920072
-24.88352558232678
-23.944721175977673
-23.00591676962857
-17.384369227248158
-11.733121738941708
-23.30709385049534
-37.448747959267806
-27.96254921437405
-10.553283892251734
-7.238539571137071
-12.432044646135124
-10.950470611633794
-2.9402427875129664
2.0
2.0
7.958427096274775
30.14311796607349
49.07104755262574
49.544682929474185
49.30530137304759
31.343278019054345
13.381254665061107
-5.954145256897284
-25.403953794461877
-11.631605513886594
9.67639319865738
5.307859572297401
-9.896502127393386
-13.161691345514496
-8.41986988569527
-10.427576052721623
-19.469442117347945
-30.53394367068369
-44.78423868505482
-52.03119072793542
-41.545119444322104
-32.11952197645405
-27.362703630085754
-22.76268093318954
-19.898327879857465
-17.033974826525387
-30.654909103624167
-44.47372674908976
-29.83728302134768
-11.667762422976388
-3.810563139722328
1.4384596620468955
3.336430583548583
3.8153296214660415
-6.86456468445539
-24.548190697229412
-29.744732195816947
-23.509238118229728
-20.627973495155388
-22.064274806660265
-20.49556033235501
-13.309580321145967
-5.489145149092437
4.126584839150365
11.565226543321044
9.165738173165298
5.970859421399062
-4.5934561659337145
-15.388648903728809
-41.412379937046126
-67.43611097036344
-38.70781018385593
-6.478828489415726
-16.54601395915242
-33.439730334444825
-21.412282213249505
-1.662363909293333
3.656074786264899
3.1739119719362243
11.660585952586269
25.207385903640212
16.62839041635283
-8.479251269390183
-23.42285297817204
-28.25582682247332
-26.38890307071832
-15.719952602042008
-3.80499811676202
10.23026339736602
11.166410735720074
-17.899586534270384
-38.489857041064376
-32.18833051361546
-26.22656055474708
-21.84831169194995
-19.64563792199925
-33.24161260905646
-46.50884910153497
-54.76864427285804
-62.93955925568658
-45.385483133383616
-27.831407011080636
-52.50115025495128
-79.27015045488287
-65.38089355734942
-46.874546553908196
-42.35299164187559
-40.403113360648625
-42.32808423187126
-45.26290698366692
-35.03354336258296
-20.389064595816993
-9.498769553546255
-0.21517265107864603
-7.865963308149203
-24.48893150071945
-33.38151635939177
-37.296494938394645
-35.116688314215104
-28.24204932539715
-19.044235422020133
-7.773011537777549
-13.485350731903125
-37.03008697177559
-51.7638417181904
-55.691017349640425
-49.09448178137844
-27.481772702615018
-6.767211412943187
12.45814570814002
16.618384131483786
-7.4916615199355405
-26.79417345156292
-35.65634716551813
-40.879603862655465
-36.937152847650175
-36.26330429827177
-45.13924441011261
-54.12913999718456
-63.5070003860764
-63.654477838305624
-27.107862708579738
-0.13531045025809751
-17.93145741212456
-32.08769326372258
-26.135384010992524
-18.350369240177784
0.9554630223477858
16.897308762800932
7.483070735097169
-0.5096132369040605
4.448268928927975
7.495830617060327
-10.865549308491023
-21.795257482179036
71.0606559225203
153.97355354351288
59.04246525132946
-31.327734962760275
-14.916051203375428
0.624168854497744
-11.820578432831747
-23.585772222566877
-4.156973512759635
14.497864044660282
-21.392474699556857
-57.03145314129198
-61.02300276663856
-64.89807144085552
-36.94026886923493
-8.99341870852827
1.5005684475078453
11.994555603543962
0.5055843679184395
-10.994797789462773
-24.00670394610478
-36.97995163084581
-23.458693177129035
-9.995361203595634
-8.99285040977461
-8.004833114500094
-8.506391792792542
-9.15915794115938
-19.199700917078196
-28.831727623807417
-21.799099223789852
-15.183658483777025
-20.714452921449606
-25.97769132232715
-25.474588207062425
-25.485205640257377
-34.04593701016532
-40.32145250278226
-16.635375088335184
3.2100107897547865
-17.464770949669536
-36.3656299197032
-39.898760384682966
-43.43215101531858
-46.9674097939807
-48.778096475786775
-40.184471579084786
-33.49764753378882
-36.53251690015518
-36.7283424711962
-24.577565739661658
-18.11116596438055
-32.80218163598036
-41.83584248349475
-32.734246097342336
-30.22362806071792
-46.461933847397454
-54.32512903600628
-41.629249020169965
-34.79039130219099
-40.37993045099424
-38.98214725141826
-24.741011270435568
-22.48617569087279
-39.280433070734134
-45.995829552553275
-38.86437806930897
-40.60405139094306
-52.83671822776769
-43.85480296490487
-13.330104410319521
3.166972797861529
7.251433997781786
-8.529690465486116
-39.18146826070852
-45.34478872334553
-36.140731232551985
-40.07927080390741
-50.825520089684204
-46.42370930636656
-35.67104313045853
-45.67601382578798
-62.541554861711404
-52.54515766860449
-35.61955370450793
-30.83112418776147
-28.265109642925587
-19.248471525285876
-9.488594297410188
-10.94788680686172
-12.998426762480856
-29.447385231540654
-45.73794327363036
-59.12406697553307
-69.95368943657475
-60.67933564676107
-53.886648011739354
-59.04213002535954
-39.33155739238872
62.556388104464645
106.79402537323435
9.191245688355124
-54.0
-54.0
-52.92087277166151
-50.33487199282834
-43.00678831189276
-30.61921457326285
-31.509419471104362
-43.42307708351116
-45.44658024371327
-41.30024403585219
-51.00799268179182
-67.04501322570714
-46.35886008227435
-13.651579617653816
-17.88332212121876
-29.83114008273837
-27.24734552111669
-23.087756774033338
-25.539717187318693
-25.145466421256195
30.052510709479655
76.83649925940176
67.97876600248657
49.08536779602194
-7.0819941781397375
-43.52718808301066
-31.523101140643032
-25.55952279516721
-29.7373193895207
-32.23894135244923
-32.760188304027174
-42.60280415877392
-60.38818212642968
-65.36017630268908
-62.750006937561544
-49.30595049425043
-31.49373224475328
-33.056555984100015
-39.34691927738044
-32.4977048209692
-24.126266700208525
-52.44346055216602
-77.77468727479636
-62.538610702065185
-47.67857616160906
-34.566495024969726
-21.869831832785184
-10.294025270151927
-16.404045144460746
-52.64191512197263
-59.47933425749073
-32.59971141070495
-30.892795018447924
-48.295683779211984
-40.20034708244843
-19.671874583717816
-24.38452505715767
-36.534039447448876
-44.02620864061692
-50.879312926892496
-58.27603058667886
-63.39454959359835
-45.97209266715794
-36.09150192190081
-56.75135422792631
-61.95029753756223
-32.78799941203365
-16.673583523405078
-18.261006291901904
-13.891363673805396
-4.333032873160626
6.593156782580595
18.251699906860598
-20.85724408811408
-75.62505272804566
-60.428259317102466
-36.014803853752966
-62.61434077618827
-82.82656535305136
-56.78201991915483
-39.180418318516004
-48.248326118302856
-54.0
-54.0
-58.16291905792521
-66.70876951361653
-60.82020148735589
-45.89063745405673
-43.97757561575583
-46.65214198542761
-44.213201881740325
-41.00975934033787
-61.8325262318655
-79.3017613949655
-73.95472632286145
-65.52955645079321
-48.361224743854464
-18.463197404408657
30.8109375949508
30.453046289735784
-14.02663732043385
-36.84737440384068
-48.677000044879165
-48.84347157094216
-46.159982724021326
-40.42861785734061
-36.07990744076219
-48.979817783216546
-53.220142275468014
-27.328931999763764
-18.55463094591296
-39.00985434890866
-40.731952211674496
-24.571081874512732
-33.16739182729221
-54.787973120694275
-48.57284512266273
-35.62282386749082
-44.79036915632935
-54.0
-54.0
-52.62812861589092
-47.221154975504675
-39.61288686873232
-28.76065770660189
-37.373977372624005
-61.19992578617173
-62.563501791615586
-54.95568533861689
-53.05164468396135
-51.58773119290271
-38.02016378603227
-29.556418048207334
-43.171996633975766
-44.355597267662354
-22.615371502819457
-16.731562379693376
-25.977996708826037
-52.144810203662914
-86.52658201594927
-45.27672224068402
9.669471521744324
-53.0186895263712
-100.70281833623478
-75.5429999267921
-55.44760342103217
-45.07513787297494
-42.232467043337095
-46.60376308437868
-49.11922450194957
-50.763716738290505
-51.0
-50.452063275825566
-31.28845711042959
-14.222240350203737
-5.4307628348379815
-3.353807961066993
-12.127217810886421
-19.371664089907057
-25.407827819271553
-41.189951960831394
-60.463812500391505
-71.60922577543101
-78.62042363060758
-54.97239963332932
-38.0
-38.0
-39.7988846523926
-43.66500825881667
-37.061377714887826
-24.93569772150777
5.2748071648827946
37.35049046475042
13.61545426566046
-8.106495971557091
-22.508608350261134
-31.90747013840308
-34.11861959257251
-32.33851013621476
-27.912965810299735
-29.636366524490626
-32.95795972493417
32.82268255689819
76.09450526122897
17.881472880403877
-18.212837372249798
-18.767653476445012
-13.191295598692104
-3.1972901487614926
6.389559755488328
15.861664047646364
2.3021491398465095
-9.936222975959373
-14.944196882682524
-15.612268222193007
-9.48693405347945
-15.606142981265307
-30.09479183636432
-33.447089144145345
-33.66618639589158
-4.088510118312815
17.039575605748226
8.103944019700725
-9.701732176925793
-39.32262304352267
-46.42314338931543
-40.83021697591355
-29.03597794753471
-16.304489828076534
-5.634422087306385
-4.857099650461896
-28.959292767815835
-35.66662211447289
-25.00905429997554
-14.344658751230007
-3.6775770566001036
-17.729678387292502
-19.48957114278805
54.1522040870223
67.00347372514565
-20.422754221485263
-41.04487080140084
-17.959387291796588
-5.598450190565963
1.738953993069674
-40.53814453957005
-63.90337432704362
-38.51035101036592
-16.259355904271096
2.940418549443624
-19.459529829780287
-56.74450742655526
-46.523986314612564
-36.32576475871142
-32.921250520063275
-36.67316206579772
-49.69469073205133
-51.72380812334138
-48.32330884522914
-57.7483001897091
-63.15388857224009
-35.9104502695335
-25.02996321593097
-40.92826197650339
-26.97487605870086
5.423580700953188
-9.538365902727698
-29.77085165523266
-27.494731247220038
-27.955527356835017
-33.651812829754014
-45.043433287742594
-60.42947425946471
-70.6023623849534
-75.61427399082119
-33.259139486830605
-16.213595817436733
-49.90780176336158
-55.352753674287115
-40.48886305222194
-19.90630637290267
-1.1066054983789833
-14.274414238081441
-23.38655879036197
-24.5324112708866
-35.85648058642553
-54.19731803180002
9.10643952674863
71.93738437168791
4.208049732655766
-36.71172060507409
-30.391348671944378
-35.14647584091199
-46.642560827709175
-26.686529597827175
-9.068404739852834
-30.37376439456105
-51.917178303779274
-73.80690931680401
-75.19261905250002
-66.54288659814253
-41.66997090434773
-19.470365033724992
-11.963154612825463
-14.545422359587736
-28.410289508445825
-16.571139574271207
4.875234651051146
78.37294317875256
102.39444114463696
1.6576238859153705
-41.06421301956718
-37.58689803746127
-34.10846022705946
-28.158791436047316
-1.461151588012502
8.098820749922409
-9.90004697357762
-33.674895206459745
-60.41078742408573
-46.68237134414377
-30.266569507668198
-13.392740052214634
-14.953723803468014
-34.75748130686904
-34.4213953184328
-29.284140123539515
-33.36721574580221
-37.86538039147116
-43.11707627160677
-47.99758631720091
-52.67062771130431
-53.54334623094562
-52.46468786160971
-45.44741857611214
-37.235239880069344
-27.869132565147673
-23.662426842092763
-23.640703867336292
-53.53781925478539
-58.31766411744815
-22.54462409152341
-12.5904022654311
-14.938617025018681
-32.729749680516136
-46.95623250985088
-50.48357266784518
-55.01851558582635
-60.313290728041714
-43.585081836047614
-27.705893576910608
-31.829912626345255
-37.07163884318931
-43.55471973046752
-56.46144404400136
-67.33384349555615
-34.86170764800638
-13.62739298024357
-10.092899075235248
-14.716068529533283
-22.990745855960547
-25.364000974396504
-21.15066416298963
-2.2040528837471705
-8.215409268007418
-29.53846459069493
-22.16350093066388
-20.81031718850881
-44.53619812007412
-41.72417043006157
-17.973689798959036
-14.48021245997526
-13.658855403610403
-11.880297977743735
-21.214227306340888
-41.43843965739923
-38.13180109545478
-32.20529330564522
-40.54743015049971
-30.26963605080927
1.3232667030023038
99.29698418853269
185.09817017581997
35.26745642604658
-47.174442311155154
-43.00252311927535
-22.018215620953523
-1.897342722269471
-46.7771610139086
-68.76949000656728
-58.592895142158184
-50.64126723347821
-43.12912933607975
-31.735507746744403
-22.547438472788453
-16.54853872282701
-17.66597736710175
-21.650956378688196
-30.66200197943807
-36.0
-36.0
-28.831939245610993
-20.595646639701865
-27.822082595792672
-36.06621508708943
-45.70507488421529
-22.795340743355467
-58.0
-58.0
-58.0
-58.0
-58.0
-58.0
-58.0
-58.0
-58.0
-58.0
-58.0
-58.0
-58.0
-58.0
-58.0
-58.0
-58.0
-58.0
-58.0
-58.0
-58.0
-58.0
-58.0
-58.0
-58.0
-58.0
-58.0
-58.0
-58.0
-58.0
-58.0
-58.0
-58.0
-58.0
-58.0
-58.0
-58.0
-58.0
-58.0
-58.0
-58.0
-58.0
-58.0
-58.0
-58.0
-58.0
-58.0
-58.0
-58.0
-58.0
-58.0
-58.0
-58.0
-58.0
-58.0
-58.0
-58.0
-58.0
-58.0
-58.0
-58.0
-58.0
-58.0
-58.0
-58.0
-58.0
-58.0
-58.0
-58.0
-58.0
-58.0
-58.0
-58.0
-58.0
-58.0
-58.0
-58.0
-58.0
-58.0
-58.0
-58.0
-58.0
-58.0
-58.0
-58.0
-58.0
-58.0
-58.0
-58.0
-58.0
-58.0
-58.0
-58.0
-58.0
-58.0
-58.0
-58.0
-58.0
-58.0
-58.0
-58.0
-58.0
