339.56 -205.4394
339.94 -205.4394
340.32 -214.6985
340.71 -224.9850
341.09 -235.7749
341.47 -236.1729
341.86 -233.4156
342.24 -227.5708
342.62 -221.1516
343.00 -213.1256
343.39 -204.7679
343.77 -194.1383
344.15 -182.2595
344.54 -168.6168
344.92 -154.3302
345.30 -141.7281
345.68 -128.0984
346.07 -114.4186
346.45 -100.2695
346.83 -87.5638
347.21 -74.0652
347.60 -60.7349
347.98 -44.9483
348.36 -23.8961
348.74 -2.0689
349.12 15.7452
349.51 26.1791
349.89 35.7536
350.27 46.4350
350.65 54.5808
351.03 63.7282
351.42 70.7574
351.80 79.8886
352.18 86.5020
352.56 93.2254
352.94 98.2093
353.32 104.0152
353.71 108.9490
354.09 114.3956
354.47 118.3601
354.85 123.2129
355.23 127.8182
355.61 133.6646
355.99 138.4899
356.38 143.1388
356.76 146.6761
357.14 151.5224
357.52 155.8914
357.90 160.8608
358.28 165.9935
358.66 172.2477
359.04 178.8060
359.42 184.8935
359.81 191.1849
360.19 196.7756
360.57 204.2935
360.95 211.9554
361.33 220.6611
361.71 228.6676
362.09 237.9477
362.47 248.2505
362.85 258.3364
363.23 268.5890
363.61 278.0341
363.99 288.6961
364.37 299.5846
364.75 311.3680
365.13 321.8002
365.51 333.5544
365.89 345.9381
366.27 360.0856
366.65 372.6375
367.03 384.9160
367.41 397.8612
367.79 410.8630
368.17 423.4765
368.55 433.9071
368.93 443.9882
369.31 452.6517
369.69 459.5693
370.07 464.3655
370.45 469.1390
370.83 475.0064
371.21 488.6765
371.59 510.0830
371.97 541.9347
372.35 576.6180
372.73 614.7384
373.11 642.6741
373.49 653.9882
373.87 653.7244
374.25 655.7196
374.63 664.3718
375.01 676.7863
375.38 689.8350
375.76 704.1572
376.14 718.8986
376.52 733.6431
376.90 748.6693
377.28 764.7585
377.66 778.1034
378.04 794.0923
378.42 807.1831
378.79 822.2594
379.17 835.9959
379.55 851.6870
379.93 869.4608
380.31 887.8235
380.69 903.7348
381.07 919.5279
381.44 936.3955
381.82 956.5350
382.20 973.2698
382.58 991.5145
382.96 1009.8222
383.34 1030.2028
383.71 1048.6108
384.09 1064.3004
384.47 1082.2715
384.85 1099.6229
385.23 1120.7171
385.60 1140.9440
385.98 1160.8294
386.36 1181.4689
386.74 1199.7960
387.12 1219.2138
387.49 1236.4714
387.87 1253.9393
388.25 1273.1855
388.63 1289.8492
389.00 1307.4919
389.38 1325.0585
389.76 1345.2352
390.14 1365.8002
390.51 1382.0351
390.89 1398.3509
391.27 1414.2961
391.64 1430.6038
392.02 1446.4876
392.40 1460.9295
392.78 1475.5107
393.15 1489.8119
393.53 1503.6082
393.91 1518.0550
394.28 1530.9711
394.66 1545.8548
395.04 1558.6204
395.41 1575.3132
395.79 1587.8619
396.17 1601.7230
396.54 1612.3235
396.92 1622.5728
397.30 1637.0779
397.67 1650.9115
398.05 1667.7046
398.43 1677.9345
398.80 1686.1450
399.18 1697.4348
399.56 1710.6422
399.93 1724.6035
400.31 1739.5520
400.68 1753.3208
401.06 1771.4133
401.44 1785.2873
401.81 1798.2616
402.19 1812.0806
402.56 1830.8754
402.94 1850.8515
403.32 1867.3744
403.69 1879.9911
404.07 1903.4510
404.44 1922.7765
404.82 1947.4015
405.20 1964.2270
405.57 1987.1012
405.95 2002.6629
406.32 2023.9189
406.70 2047.9726
407.07 2071.8484
407.45 2101.0107
407.82 2126.9528
408.20 2156.1701
408.57 2174.7885
408.95 2193.8568
409.32 2219.9786
409.70 2247.0906
410.07 2282.6478
410.45 2312.2065
410.82 2340.2523
411.20 2365.1200
411.57 2395.0800
411.95 2433.0984
412.32 2469.6200
412.70 2504.7840
413.07 2539.8541
413.45 2575.0876
413.82 2606.1367
414.20 2638.2650
414.57 2678.9598
414.95 2715.1529
415.32 2754.5354
415.69 2788.1476
416.07 2836.4477
416.44 2866.7750
416.82 2903.1381
417.19 2933.1871
417.57 2978.3625
417.94 3026.4782
418.31 3066.7328
418.69 3116.7886
419.06 3148.6904
419.44 3200.4032
419.81 3239.6498
420.18 3285.1909
420.56 3329.1803
420.93 3379.4869
421.30 3416.5231
421.68 3461.7746
422.05 3511.5553
422.43 3577.6518
422.80 3629.0652
423.17 3672.7859
423.55 3734.1510
423.92 3787.7651
424.29 3844.6317
424.67 3881.3394
425.04 3952.0557
425.41 4012.2961
425.79 4070.8925
426.16 4112.2928
426.53 4171.7484
426.91 4247.5408
427.28 4325.9741
427.65 4398.3976
428.02 4452.9081
428.40 4495.8780
428.77 4547.9484
429.14 4639.5162
429.52 4732.9950
429.89 4828.5402
430.26 4900.9151
430.63 4974.7318
431.01 5032.8022
431.38 5102.8729
431.75 5165.8270
432.12 5258.0922
432.50 5334.5707
432.87 5425.9152
433.24 5509.2692
433.61 5603.8483
433.98 5682.5017
434.36 5765.0677
434.73 5833.2953
435.10 5928.4068
435.47 6006.8821
435.85 6083.2571
436.22 6163.4153
436.59 6250.8325
436.96 6342.7498
437.33 6419.3724
437.70 6505.6035
438.08 6588.4786
438.45 6694.1728
438.82 6764.4991
439.19 6848.8030
439.56 6913.0516
439.93 6989.9654
440.31 7075.1415
440.68 7162.4406
441.05 7253.5795
441.42 7328.9253
441.79 7368.4163
442.16 7429.4706
442.53 7503.1141
442.90 7587.2999
443.28 7662.5551
443.65 7725.9348
444.02 7774.4889
444.39 7811.9426
444.76 7892.3581
445.13 7971.9240
445.50 8058.4561
445.87 8095.0683
446.24 8155.2489
446.61 8195.0537
446.98 8253.4575
447.35 8308.3872
447.72 8372.4513
448.10 8433.0493
448.47 8473.3056
448.84 8514.1007
449.21 8535.7467
449.58 8588.0825
449.95 8635.6609
450.32 8690.7297
450.69 8741.4085
451.06 8804.7315
451.43 8879.1728
451.80 8943.5929
452.17 9008.6958
452.54 9076.6726
452.91 9177.6742
453.28 9244.2836
453.65 9261.3632
454.02 9280.2696
454.39 9351.5668
454.76 9440.3530
455.13 9516.0807
455.50 9554.5554
455.87 9627.5906
456.23 9707.9041
456.60 9772.6414
456.97 9859.8401
457.34 9903.2939
457.71 10001.1999
458.08 10044.8640
458.45 10168.1782
458.82 10252.4498
459.19 10346.8606
459.56 10399.5702
459.93 10471.6814
460.30 10585.6427
460.67 10690.7171
461.03 10785.4419
461.40 10865.0936
461.77 11003.0052
462.14 11147.6724
462.51 11254.7663
462.88 11299.3560
463.25 11379.3443
463.62 11496.2377
463.98 11638.1688
464.35 11731.2333
464.72 11831.6022
465.09 11960.4230
465.46 12127.0404
465.83 12298.3198
466.19 12492.8892
466.56 12625.6437
466.93 12686.2223
467.30 12750.2993
467.67 12853.8543
468.04 13059.4935
468.40 13252.3799
468.77 13424.5169
469.14 13595.7720
469.51 13739.4069
469.87 13928.7966
470.24 14125.5877
470.61 14294.5159
470.98 14492.7844
471.35 14620.2540
471.71 14739.0374
472.08 14877.9958
472.45 15064.0974
472.82 15245.8317
473.18 15442.0435
473.55 15619.9653
473.92 15877.5438
474.29 16072.6536
474.65 16331.5233
475.02 16475.2715
475.39 16664.1288
475.75 16780.6403
476.12 16963.4134
476.49 17152.0005
476.86 17352.9243
477.22 17549.7105
477.59 17730.3800
477.96 18012.2016
478.32 18307.3097
478.69 18555.6016
479.06 18659.8848
479.42 18808.6525
479.79 18932.8081
480.16 19158.5770
480.52 19316.6393
480.89 19560.1447
481.26 19726.5648
481.62 19950.9324
481.99 20090.6805
482.35 20249.0163
482.72 20353.2250
483.09 20556.3803
483.45 20770.6183
483.82 20942.1274
484.19 21094.3239
484.55 21303.0553
484.92 21482.9918
485.28 21594.7605
485.65 21645.6966
486.01 21822.5586
486.38 22019.3577
486.75 22157.8793
487.11 22228.9095
487.48 22317.8931
487.84 22436.3416
488.21 22636.0664
488.57 22775.3630
488.94 22904.3569
489.31 22956.0455
489.67 23038.1438
490.04 23123.0254
490.40 23197.0168
490.77 23310.9555
491.13 23416.6481
491.50 23497.2820
491.86 23524.0543
492.23 23541.2859
492.59 23660.6891
492.96 23712.0087
493.32 23838.9928
493.69 23895.6911
494.05 23954.9137
494.42 23960.5384
494.78 23965.1518
495.15 24067.2245
495.51 24167.7714
495.88 24228.8662
496.24 24214.7171
496.60 24211.6880
496.97 24238.3178
497.33 24298.2896
497.70 24371.9170
498.06 24419.1604
498.43 24495.3493
498.79 24458.6352
499.15 24519.3206
499.52 24525.4307
499.88 24605.5841
500.25 24651.8210
500.61 24696.9301
500.98 24766.0801
501.34 24783.2389
501.70 24831.1685
502.07 24841.1249
502.43 24853.0005
502.79 24843.3580
503.16 24908.2117
503.52 24904.9463
503.89 24933.2574
504.25 24937.5827
504.61 25034.8820
504.98 25067.1009
505.34 25067.8857
505.70 25066.6414
506.07 25095.0561
506.43 25162.8306
506.79 25179.3017
507.16 25205.9300
507.52 25217.2942
507.88 25268.5426
508.25 25343.9968
508.61 25335.5792
508.97 25319.5871
509.33 25348.2024
509.70 25435.0630
510.06 25525.6000
510.42 25525.8362
510.79 25501.0203
511.15 25535.2247
511.51 25606.0883
511.87 25724.1031
512.24 25748.5873
512.60 25752.4190
512.96 25743.6115
513.32 25792.4472
513.69 25810.9620
514.05 25866.3286
514.41 25891.0911
514.77 25991.7157
515.13 25999.6769
515.50 26057.7458
515.86 26112.4667
516.22 26183.5018
516.58 26227.2759
516.94 26243.1192
517.31 26316.7320
517.67 26399.6459
518.03 26511.1186
518.39 26559.4154
518.75 26634.4150
519.12 26670.4625
519.48 26688.7928
519.84 26736.1399
520.20 26804.6442
520.56 26909.9500
520.92 26976.5902
521.28 27000.5178
521.65 27095.8429
522.01 27112.7201
522.37 27196.1308
522.73 27282.5383
523.09 27401.0337
523.45 27474.7986
523.81 27510.3590
524.17 27600.9559
524.54 27706.7812
524.90 27786.1918
525.26 27918.9592
525.62 28002.9686
525.98 28115.2730
526.34 28138.4092
526.70 28267.7511
527.06 28390.3420
527.42 28520.0770
527.78 28604.4278
528.14 28667.7217
528.50 28744.6274
528.86 28902.8095
529.22 29037.6724
529.58 29176.0629
529.94 29229.8421
530.31 29360.4169
530.67 29481.5547
531.03 29554.1432
531.39 29694.0548
531.75 29808.8025
532.11 29961.1544
532.47 30094.5109
532.83 30258.3144
533.19 30466.0668
533.55 30595.4620
533.91 30648.2719
534.26 30780.1445
534.62 30936.6874
534.98 31139.8427
535.34 31287.2608
535.70 31331.4265
536.06 31509.4180
536.42 31641.0284
536.78 31843.4539
537.14 32023.2221
537.50 32201.3543
537.86 32417.2929
538.22 32523.1506
538.58 32649.5522
538.94 32782.2646
539.30 32917.3768
539.66 33058.0537
540.01 33183.4796
540.37 33359.0940
540.73 33491.4796
541.09 33648.5419
541.45 33841.9203
541.81 33997.3790
542.17 34140.9557
542.53 34328.8583
542.88 34583.5969
543.24 34752.4636
543.60 34851.4360
543.96 34925.0553
544.32 35137.0634
544.68 35248.6978
545.04 35434.1311
545.39 35512.6437
545.75 35752.0066
546.11 35921.0352
546.47 36201.0152
546.83 36339.4203
547.19 36539.3652
547.54 36697.6589
547.90 36890.4353
548.26 37051.5689
548.62 37169.0060
548.97 37248.6982
549.33 37402.4935
549.69 37561.9782
550.05 37808.5402
550.41 37965.8954
550.76 38139.1004
551.12 38317.0999
551.48 38465.0100
551.84 38610.2954
552.19 38714.9912
552.55 38861.5307
552.91 38956.6762
553.27 39100.2594
553.62 39208.9924
553.98 39332.6999
554.34 39449.0350
554.69 39580.6633
555.05 39822.4324
555.41 40006.2427
555.77 40201.6422
556.12 40324.9321
556.48 40464.4537
556.84 40571.4068
557.19 40705.6387
557.55 40754.2090
557.91 41016.3992
558.26 41123.4591
558.62 41400.3421
558.98 41462.7718
559.33 41645.3928
559.69 41678.9694
560.05 41741.6678
560.40 41761.6260
560.76 41855.6178
561.11 41927.6286
561.47 42083.1585
561.83 42168.5304
562.18 42413.1976
562.54 42563.3068
562.89 42769.5122
563.25 42833.3838
563.61 42955.6899
563.96 43087.2971
564.32 43239.1069
564.67 43356.5262
565.03 43481.6932
565.39 43632.4884
565.74 43718.0173
566.10 43901.6690
566.45 44045.1017
566.81 44211.0994
567.16 44209.0864
567.52 44226.0931
567.87 44292.5068
568.23 44381.4224
568.59 44551.0707
568.94 44788.8058
569.30 44968.0011
569.65 45129.9778
570.01 45183.4398
570.36 45317.5551
570.72 45436.0003
571.07 45575.6967
571.43 45685.9864
571.78 45744.5941
572.14 45767.6398
572.49 45932.5679
572.84 46066.7205
573.20 46162.0246
573.55 46239.8559
573.91 46270.5602
574.26 46446.3202
574.62 46485.3742
574.97 46523.7891
575.33 46580.7074
575.68 46704.7531
576.04 46849.9463
576.39 46931.7631
576.74 47020.4975
577.10 47108.3014
577.45 47265.8799
577.81 47329.1042
578.16 47491.1650
578.51 47554.7177
578.87 47664.9217
579.22 47713.9176
579.58 47792.8363
579.93 47874.1289
580.28 47989.5028
580.64 48066.9021
580.99 48112.2960
581.34 48129.5730
581.70 48099.2748
582.05 48187.1321
582.41 48190.4574
582.76 48237.8497
583.11 48232.7542
583.47 48262.0232
583.82 48404.3992
584.17 48544.3739
584.52 48651.2024
584.88 48708.1176
585.23 48676.8630
585.58 48783.8178
585.94 48893.8502
586.29 49037.1000
586.64 49106.6772
587.00 49110.6481
587.35 49139.4819
587.70 49212.2322
588.05 49296.8225
588.41 49454.0644
588.76 49500.3176
589.11 49536.7696
589.46 49474.5955
589.82 49488.0876
590.17 49441.1824
590.52 49355.0548
590.87 49328.5803
591.23 49309.4279
591.58 49314.4814
591.93 49325.1806
592.28 49371.9564
592.64 49392.5327
592.99 49380.8481
593.34 49413.6997
593.69 49455.6437
594.04 49479.1813
594.39 49471.0242
594.75 49426.8375
595.10 49413.6722
595.45 49329.9007
595.80 49310.7790
596.15 49277.6895
596.51 49252.2150
596.86 49262.5291
597.21 49158.2524
597.56 49211.4328
597.91 49111.9378
598.26 49067.2995
598.61 48993.9327
598.96 49023.6192
599.32 49043.4593
599.67 49040.6260
600.02 49013.9378
600.37 49015.8683
600.72 49020.4849
601.07 49005.3633
601.42 48995.8842
601.77 48975.8450
602.12 48909.6239
602.47 48878.5086
602.83 48746.6748
603.18 48779.7578
603.53 48719.3766
603.88 48727.1502
604.23 48632.4546
604.58 48609.2455
604.93 48582.2758
605.28 48576.0928
605.63 48587.7128
605.98 48494.3893
606.33 48457.4923
606.68 48405.0950
607.03 48375.6723
607.38 48368.6414
607.73 48184.8991
608.08 48120.1667
608.43 48012.3834
608.78 48032.0164
609.13 47991.0821
609.48 48069.5364
609.83 48091.7827
610.18 48041.9146
610.53 47909.9239
610.88 47783.2876
611.23 47731.6639
611.58 47544.0833
611.93 47508.9468
612.28 47451.1012
612.63 47476.6906
612.98 47413.3628
613.33 47333.6382
613.68 47362.8037
614.02 47273.8007
614.37 47275.6729
614.72 47103.3758
615.07 47156.8960
615.42 47086.0292
615.77 47041.1612
616.12 46749.7780
616.47 46642.7133
616.82 46506.8681
617.17 46505.5105
617.51 46396.2078
617.86 46289.5298
618.21 46241.3009
618.56 46159.0261
618.91 46096.6239
619.26 46038.6715
619.61 45935.9401
619.95 45821.3510
620.30 45603.3039
620.65 45452.0912
621.00 45353.2806
621.35 45239.3516
621.70 45170.5366
622.04 45134.5506
622.39 45031.9115
622.74 44915.6298
623.09 44749.4961
623.44 44682.6180
623.78 44541.1158
624.13 44440.8441
624.48 44238.7988
624.83 44075.8060
625.17 43987.8775
625.52 43934.7537
625.87 43963.2622
626.22 43789.6867
626.56 43743.5775
626.91 43638.7685
627.26 43511.7649
627.61 43348.6442
627.95 43099.3701
628.30 42917.2103
628.65 42746.6397
629.00 42607.6780
629.34 42547.2547
629.69 42383.8412
630.04 42335.2757
630.38 42153.7017
630.73 42014.9325
631.08 41793.7786
631.42 41706.8582
631.77 41614.2127
632.12 41481.4582
632.47 41262.6441
632.81 41091.5120
633.16 40916.6922
633.51 40769.1640
633.85 40647.6847
634.20 40562.2837
634.54 40530.5680
634.89 40371.3503
635.24 40167.1514
635.58 39964.9767
635.93 39720.6881
636.28 39606.4938
636.62 39420.0831
636.97 39463.3394
637.31 39402.1039
637.66 39295.9857
638.01 39120.2581
638.35 38959.7426
638.70 38913.2937
639.04 38783.6185
639.39 38681.6428
639.73 38534.4366
640.08 38377.7562
640.43 38148.6054
640.77 37974.1593
641.12 37838.1750
641.46 37800.9964
641.81 37682.5933
642.15 37578.4606
642.50 37328.0409
642.84 37158.9120
643.19 36900.7429
643.53 36676.5469
643.88 36458.6762
644.22 36275.9145
644.57 36201.8793
644.91 36057.7946
645.26 35868.7334
645.60 35735.4902
645.95 35573.6867
646.29 35499.7276
646.64 35371.8745
646.98 35270.1237
647.33 35136.3822
647.67 34948.6818
648.02 34791.7878
648.36 34686.5127
648.71 34592.3786
649.05 34413.1929
649.40 34255.1079
649.74 34040.5464
650.08 33900.8031
650.43 33686.2237
650.77 33581.5166
651.12 33477.9777
651.46 33395.7111
651.80 33223.6291
652.15 33036.2492
652.49 32850.9405
652.84 32662.2806
653.18 32483.9768
653.52 32332.6395
653.87 32201.5970
654.21 32033.4067
654.55 31864.2795
654.90 31701.9614
655.24 31590.5519
655.59 31416.0444
655.93 31278.5859
656.27 31133.8620
656.62 31017.8100
656.96 30900.6658
657.30 30764.0132
657.65 30626.8670
657.99 30454.7123
658.33 30244.7624
658.67 30055.0119
659.02 29860.5946
659.36 29736.0150
659.70 29567.6904
660.05 29448.3536
660.39 29279.6503
660.73 29143.4233
661.07 28948.0173
661.42 28787.4679
661.76 28652.8380
662.10 28518.3294
662.45 28369.5941
662.79 28216.0415
663.13 28065.6363
663.47 27912.7051
663.81 27763.8241
664.16 27632.2266
664.50 27527.0389
664.84 27343.2674
665.18 27225.4242
665.53 27056.2937
665.87 26956.8423
666.21 26766.0982
666.55 26627.5217
666.89 26468.2651
667.24 26293.5084
667.58 26140.7519
667.92 25944.8201
668.26 25827.3911
668.60 25655.1036
668.94 25542.9142
669.29 25396.2614
669.63 25274.3857
669.97 25132.2039
670.31 25025.8301
670.65 24893.7601
670.99 24762.6092
671.33 24627.0002
671.68 24492.3865
672.02 24390.1551
672.36 24255.5527
672.70 24130.3210
673.04 24000.1248
673.38 23806.0619
673.72 23628.9572
674.06 23460.7523
674.40 23358.4514
674.74 23246.9788
675.09 23086.3711
675.43 22941.5129
675.77 22775.2837
676.11 22681.2661
676.45 22582.1481
676.79 22497.7681
677.13 22413.9529
677.47 22332.9451
677.81 22242.4615
678.15 22140.7431
678.49 22025.3756
678.83 21915.3529
679.17 21778.9139
679.51 21603.6069
679.85 21463.2536
680.19 21289.3415
680.53 21143.4558
680.87 20984.0811
681.21 20836.1597
681.55 20728.4525
681.89 20597.5557
682.23 20522.2438
682.57 20432.2214
682.91 20366.0650
683.25 20255.0908
683.59 20110.6145
683.93 19972.4748
684.27 19860.4730
684.61 19784.3958
684.95 19702.6162
685.29 19618.4272
685.62 19522.4128
685.96 19438.7124
686.30 19361.6514
686.64 19300.1925
686.98 19211.6555
687.32 19105.2655
687.66 18976.5677
688.00 18910.4744
688.34 18838.9766
688.68 18772.9610
689.01 18634.5818
689.35 18493.2786
689.69 18367.0323
690.03 18270.2832
690.37 18169.7784
690.71 18089.6575
691.05 18002.2402
691.38 17948.8786
691.72 17858.6668
692.06 17784.8695
692.40 17682.9262
692.74 17584.2823
693.08 17471.2174
693.41 17368.5621
693.75 17283.4637
694.09 17230.0082
694.43 17180.4750
694.77 17107.6195
695.10 17025.6797
695.44 16880.7147
695.78 16778.7180
696.12 16635.8824
696.45 16576.4284
696.79 16482.7069
697.13 16415.8806
697.47 16341.1901
697.80 16292.9305
698.14 16250.6758
698.48 16194.0827
698.82 16116.1365
699.15 16016.3857
699.49 15920.6723
699.83 15837.4493
700.17 15783.3546
700.50 15712.5541
700.84 15604.7984
701.18 15464.3480
701.51 15352.1586
701.85 15256.2202
702.19 15166.4113
702.52 15083.6754
702.86 15012.6371
703.20 14950.1151
703.53 14903.9526
703.87 14845.9581
704.21 14800.0869
704.54 14712.4739
704.88 14649.2253
705.22 14564.6479
705.55 14495.3734
705.89 14408.2847
706.23 14335.3871
706.56 14249.4246
706.90 14145.1285
707.23 14043.2935
707.57 13937.8372
707.91 13840.1626
708.24 13760.3878
708.58 13684.7362
708.91 13617.5410
709.25 13524.7693
709.59 13455.5627
709.92 13397.3741
710.26 13344.4898
710.59 13278.4969
710.93 13234.8861
711.26 13168.4822
711.60 13107.1867
711.94 13016.1837
712.27 12945.2991
712.61 12880.2544
712.94 12818.9557
713.28 12750.7411
713.61 12659.5973
713.95 12579.3501
714.28 12502.7696
714.62 12432.8203
714.95 12347.9322
715.29 12263.7044
715.62 12160.1931
715.96 12077.1675
716.29 11976.5251
716.63 11889.4591
716.96 11768.9313
717.30 11659.9798
717.63 11550.4231
717.97 11453.8326
718.30 11335.7854
718.63 11212.2398
718.97 11084.6407
719.30 10973.7782
719.64 10874.6083
719.97 10770.7556
720.31 10692.7689
720.64 10605.1592
720.97 10516.6529
721.31 10420.5268
721.64 10324.0415
721.98 10250.8883
722.31 10191.4181
722.64 10154.6780
722.98 10107.9071
723.31 10044.3106
723.65 9979.4472
723.98 9914.3507
724.31 9852.1539
724.65 9789.8471
724.98 9725.6115
725.31 9665.3096
725.65 9598.3943
725.98 9544.3514
726.31 9483.2469
726.65 9423.3981
726.98 9372.0397
727.31 9338.1589
727.65 9302.0709
727.98 9259.0897
728.31 9212.1974
728.65 9170.8294
728.98 9119.2364
729.31 9054.7774
729.64 8995.8137
729.98 8939.2951
730.31 8892.9351
730.64 8852.8083
730.97 8827.0328
731.31 8792.8963
731.64 8737.6463
731.97 8692.1504
732.31 8653.9702
732.64 8619.0846
732.97 8562.7973
733.30 8511.4033
733.63 8473.2830
733.97 8424.4812
734.30 8364.4512
734.63 8284.9451
734.96 8234.7534
735.29 8170.7054
735.63 8123.9911
735.96 8070.1569
736.29 8016.1577
736.62 7960.3268
736.95 7896.7238
737.29 7852.9594
737.62 7810.7063
737.95 7751.6989
738.28 7676.3223
738.61 7600.8519
738.94 7529.8411
739.28 7468.0958
739.61 7403.8569
739.94 7350.3885
740.27 7319.1792
740.60 7277.6899
740.93 7252.1264
741.26 7204.7632
741.59 7156.3660
741.92 7097.9913
742.26 7045.2057
742.59 6993.6014
742.92 6937.7413
743.25 6881.8488
743.58 6821.8171
743.91 6772.1950
744.24 6715.5226
744.57 6678.4622
744.90 6630.7721
745.23 6592.3912
745.56 6543.3694
745.89 6495.0774
746.22 6440.1931
746.55 6382.0239
746.88 6325.7366
747.21 6276.1177
747.54 6218.6184
747.87 6176.6145
748.20 6126.9568
748.53 6091.8365
748.86 6039.1949
749.19 5992.2654
749.52 5953.7421
749.85 5907.6395
750.18 5859.0837
750.51 5807.2900
750.84 5759.9446
751.17 5715.8161
751.50 5673.9579
751.83 5637.7016
752.16 5601.0959
752.49 5559.7473
752.82 5515.6916
753.15 5474.5049
753.48 5436.3457
753.81 5404.8501
754.14 5375.4192
754.47 5333.9024
754.80 5296.5426
755.12 5254.9983
755.45 5229.1953
755.78 5196.2449
756.11 5168.6555
756.44 5129.5028
756.77 5094.0136
757.10 5056.5502
757.43 5025.0724
757.76 4997.0832
758.08 4968.3838
758.41 4944.4368
758.74 4921.2358
759.07 4891.6933
759.40 4862.6507
759.73 4829.1971
760.05 4808.0010
760.38 4778.7044
760.71 4758.2769
761.04 4734.4902
761.37 4714.1759
761.70 4679.8000
762.02 4641.0389
762.35 4612.9672
762.68 4589.0785
763.01 4575.5249
763.33 4552.8514
763.66 4533.3479
763.99 4511.1922
764.32 4492.6838
764.65 4474.8923
764.97 4454.0651
765.30 4431.7185
765.63 4416.2150
765.96 4402.2860
766.28 4389.4379
766.61 4368.4197
766.94 4348.7592
767.26 4318.5775
767.59 4288.8538
767.92 4253.1445
768.25 4230.9823
768.57 4210.3930
768.90 4196.8168
769.23 4184.9703
769.55 4164.5606
769.88 4138.9502
770.21 4106.1956
770.53 4089.4607
770.86 4068.0251
771.19 4061.6706
771.51 4045.1817
771.84 4045.4487
772.17 4034.5505
772.49 4024.7769
772.82 4019.9936
773.15 4013.8058
773.47 4015.6230
773.80 4001.2360
774.12 3980.6322
774.45 3967.8520
774.78 3954.1447
775.10 3947.6980
775.43 3931.6346
775.75 3923.0018
776.08 3921.4872
776.41 3914.0308
776.73 3908.6084
777.06 3902.9077
777.38 3905.8721
777.71 3910.0760
778.03 3911.1715
778.36 3905.1164
778.68 3905.0679
779.01 3905.5679
779.34 3919.0972
779.66 3919.9257
779.99 3919.9031
780.31 3914.8884
780.64 3920.7947
780.96 3928.6993
781.29 3933.5683
781.61 3934.5408
781.94 3931.9405
782.26 3939.4940
782.59 3949.9116
782.91 3963.6448
783.24 3967.5834
783.56 3966.1756
783.88 3963.0898
784.21 3959.4846
784.53 3952.9990
784.86 3944.7772
785.18 3938.1169
785.51 3930.6686
785.83 3921.4468
786.16 3920.5778
786.48 3923.4873
786.80 3923.2106
787.13 3919.8270
787.45 3920.7089
787.78 3930.2770
788.10 3935.3289
788.42 3938.8305
788.75 3937.7270
789.07 3935.2188
789.40 3929.9178
789.72 3927.3967
790.04 3926.0423
790.37 3925.7543
790.69 3919.6490
791.01 3908.3479
791.34 3898.2393
791.66 3892.8395
791.98 3892.1356
792.31 3883.6582
792.63 3877.9914
792.95 3866.3537
793.28 3856.5137
793.60 3840.0102
793.92 3826.6540
794.25 3822.4792
794.57 3817.8351
794.89 3810.4742
795.22 3797.6455
795.54 3789.3881
795.86 3787.9431
796.18 3775.4235
796.51 3768.7454
796.83 3761.9216
797.15 3756.7614
797.47 3746.5816
797.80 3734.7481
798.12 3728.8904
798.44 3717.2608
798.76 3692.4513
799.09 3672.1015
799.41 3657.2711
799.73 3660.2356
800.05 3658.2323
800.38 3654.9442
800.70 3646.1609
801.02 3632.7659
801.34 3611.9080
801.66 3596.8543
801.98 3583.6988
802.31 3579.5240
802.63 3572.0918
802.95 3567.4995
803.27 3554.3958
803.59 3539.9716
803.91 3520.8677
804.24 3503.5438
804.56 3480.7360
804.88 3462.4154
805.20 3444.3099
805.52 3427.3841
805.84 3407.8158
806.16 3387.8398
806.49 3367.2683
806.81 3349.1952
807.13 3333.4635
807.45 3319.3144
807.77 3306.1815
808.09 3294.3966
808.41 3280.9546
808.73 3270.4900
809.05 3263.6647
809.37 3251.4606
809.69 3228.7289
810.01 3203.3062
810.33 3180.2751
810.66 3161.5595
810.98 3140.5706
811.30 3116.9165
811.62 3103.7544
811.94 3089.7688
812.26 3081.8107
812.58 3060.4447
812.90 3039.1402
813.22 3015.3760
813.54 2997.3434
813.86 2978.2088
814.18 2962.0225
814.50 2943.4267
814.82 2925.3310
815.14 2903.3322
815.46 2881.2170
815.78 2859.1374
816.10 2839.3215
816.41 2818.9798
816.73 2800.4018
817.05 2785.2042
817.37 2770.4143
817.69 2755.1940
818.01 2737.7843
818.33 2718.6158
818.65 2698.4747
818.97 2678.6119
819.29 2660.8317
819.61 2644.3687
819.93 2626.3263
820.25 2610.7096
820.56 2596.8663
820.88 2580.8305
821.20 2562.2266
821.52 2540.2700
821.84 2519.5852
822.16 2498.1107
822.48 2476.2592
822.80 2456.3900
823.11 2436.5191
823.43 2417.1677
823.75 2399.5024
824.07 2382.1041
824.39 2368.1297
824.71 2351.4693
825.02 2335.9431
825.34 2321.8167
825.66 2303.9604
825.98 2287.0815
826.30 2266.3563
826.61 2250.3383
826.93 2231.9885
827.25 2213.6597
827.57 2187.0913
827.88 2164.9324
828.20 2143.4871
828.52 2129.3089
828.84 2114.4219
829.16 2099.7243
829.47 2085.3001
829.79 2072.4941
830.11 2056.1087
830.42 2040.7767
830.74 2023.8234
831.06 2008.4672
831.38 1993.1061
831.69 1977.4521
832.01 1962.8208
832.33 1949.2608
832.64 1933.2006
832.96 1913.1194
833.28 1892.9670
833.60 1873.2919
833.91 1859.7869
834.23 1846.0925
834.55 1832.7816
834.86 1815.9512
835.18 1799.9542
835.50 1790.5366
835.81 1780.5607
836.13 1768.7353
836.44 1751.9502
836.76 1736.2202
837.08 1722.1585
837.39 1708.5127
837.71 1696.1953
838.03 1683.8440
838.34 1672.7937
838.66 1661.2579
838.97 1647.5489
839.29 1631.0681
839.60 1615.9465
839.92 1598.7553
840.24 1581.6822
840.55 1566.1092
840.87 1553.1640
841.18 1545.1477
841.50 1536.1330
841.81 1527.3383
842.13 1516.8819
842.45 1507.0629
842.76 1496.7440
843.08 1486.2115
843.39 1476.2129
843.71 1470.3941
844.02 1459.2871
844.34 1448.3727
844.65 1435.0343
844.97 1426.7413
845.28 1415.1813
845.60 1405.7232
845.91 1393.9544
846.23 1384.4478
846.54 1375.3441
846.86 1368.2744
847.17 1361.6610
847.48 1352.0573
847.80 1341.7950
848.11 1331.1508
848.43 1322.7267
848.74 1316.7396
849.06 1308.8802
849.37 1302.3575
849.68 1294.0612
850.00 1288.6469
850.31 1281.7326
850.63 1274.1936
850.94 1267.0042
851.26 1258.8827
851.57 1251.5816
851.88 1243.8194
852.20 1235.0118
852.51 1226.6977
852.82 1217.7364
853.14 1210.1166
853.45 1203.5615
853.76 1198.2264
854.08 1194.6050
854.39 1187.4269
854.71 1179.4025
855.02 1172.9817
855.33 1167.9946
855.64 1166.8602
855.96 1161.5802
856.27 1157.1222
856.58 1151.0153
856.90 1147.0201
857.21 1144.3550
857.52 1140.8566
857.84 1136.0491
858.15 1130.7950
858.46 1123.9340
858.77 1121.2139
859.09 1116.7947
859.40 1112.9775
859.71 1106.3059
860.02 1097.8753
860.34 1092.0888
860.65 1090.5192
860.96 1091.7652
861.27 1090.2344
861.59 1086.2085
861.90 1080.7246
862.21 1077.5546
862.52 1073.6015
862.83 1072.2698
863.15 1070.7811
863.46 1069.6468
863.77 1068.8700
864.08 1069.2908
864.39 1068.7082
864.71 1066.4299
865.02 1063.1920
865.33 1058.8019
865.64 1055.1045
865.95 1049.7435
866.26 1044.1787
866.58 1039.1042
866.89 1033.0928
867.20 1028.9358
867.51 1024.3613
867.82 1020.4486
868.13 1015.0585
868.44 1010.0552
868.75 1005.6603
869.06 1001.7897
869.38 997.7605
869.69 992.3721
870.00 986.1989
870.31 981.8315
870.62 977.9188
870.93 977.7198
871.24 975.1890
871.55 970.6517
871.86 964.3150
872.17 958.8198
872.48 953.6644
872.79 947.8908
873.10 944.9021
873.41 941.5040
873.72 936.9181
874.03 930.1640
874.34 926.2254
874.65 925.1510
874.96 922.8467
875.27 921.6477
875.58 916.1266
875.89 912.4890
876.20 907.6750
876.51 905.7834
876.82 902.4208
877.13 898.9548
877.44 896.4499
877.75 894.3123
878.06 894.4418
878.37 894.9984
878.68 894.6262
878.99 892.6391
879.30 891.7006
879.61 892.0809
879.92 894.2686
880.23 895.6748
880.54 898.3431
880.85 899.2638
881.15 899.3221
881.46 899.0535
881.77 900.5616
882.08 903.2639
882.39 905.8853
882.70 909.8562
883.01 910.8951
883.32 910.4614
883.62 907.0860
883.93 904.4306
884.24 902.8998
884.55 902.0115
884.86 900.9920
885.17 901.7234
885.47 901.1166
885.78 901.0632
886.09 898.7606
886.40 895.4612
886.71 893.5259
887.02 891.0226
887.32 890.1100
887.63 887.8640
887.94 886.0500
888.25 884.6018
888.55 883.3947
888.86 882.3493
889.17 882.1843
889.48 881.6325
889.79 882.8623
890.09 883.5241
890.40 884.1730
890.71 883.2150
891.01 884.2312
891.32 885.2054
891.63 884.7669
891.94 884.6406
892.24 884.3478
892.55 884.9157
892.86 882.9125
893.16 881.3655
893.47 880.7037
893.78 880.1535
894.09 882.1325
894.39 882.9788
894.70 884.1681
895.01 884.4157
895.31 887.0420
895.62 891.4725
895.93 895.5777
896.23 896.5389
896.54 895.8237
896.84 893.4984
897.15 893.3560
897.46 891.7589
897.76 891.7217
898.07 893.2476
898.38 893.6780
898.68 893.9482
898.99 894.6295
899.29 897.1408
899.60 898.6409
899.90 897.4240
900.21 897.7541
900.52 898.8642
900.82 901.7153
901.13 902.3901
901.43 904.1248
901.74 905.4953
902.04 907.6216
902.35 906.7526
902.66 906.3351
902.96 906.7122
903.27 907.7203
903.57 907.6831
903.88 905.6329
904.18 903.6490
904.49 900.3901
904.79 899.4952
905.10 900.0179
905.40 900.7299
905.71 901.7979
906.01 902.3674
906.32 905.7737
906.62 907.8708
906.92 910.8190
907.23 910.4598
907.53 907.7882
907.84 900.7978
908.14 895.9725
908.45 891.9466
908.75 891.1132
909.06 888.6747
909.36 885.1811
909.66 880.4707
909.97 875.4690
910.27 872.7521
910.58 872.1437
910.88 872.4026
911.18 871.0984
911.49 868.4090
911.79 865.4607
912.10 863.9089
912.40 860.8846
912.70 856.7777
913.01 852.0026
913.31 848.3747
913.61 844.2581
913.92 837.3648
914.22 832.1091
914.52 827.1899
914.83 825.3048
915.13 821.6364
915.43 817.8338
915.74 813.6234
916.04 808.1605
916.34 800.5956
916.65 795.0826
916.95 790.2848
917.25 787.6084
917.55 781.3332
917.86 776.4529
918.16 771.8444
918.46 766.5158
918.76 760.1614
919.07 754.8732
919.37 751.9865
919.67 748.2307
919.97 742.4200
920.28 734.7856
920.58 726.2838
920.88 718.0960
921.18 709.6751
921.49 703.0343
921.79 696.5633
922.09 690.4548
922.39 683.5259
922.69 677.5678
922.99 671.3105
923.30 664.8977
923.60 656.0481
923.90 647.5107
924.20 639.1724
924.50 632.1869
924.80 625.9036
925.11 618.7918
925.41 612.8743
925.71 606.6363
926.01 601.8417
926.31 595.8336
926.61 589.3513
926.91 582.2848
927.22 573.7167
927.52 565.9156
927.82 557.2229
928.12 549.8862
928.42 542.3246
928.72 536.0090
929.02 529.3293
929.32 522.4975
929.62 514.3647
929.92 506.4762
930.22 497.9178
930.52 490.1313
930.82 481.2994
931.12 474.3284
931.43 466.5387
931.73 458.9576
932.03 449.4640
932.33 440.6661
932.63 432.3715
932.93 423.3924
933.23 412.7951
933.53 400.5749
933.83 389.1863
934.13 377.4742
934.43 366.7038
934.73 354.0806
935.03 341.9979
935.33 328.9491
935.63 316.4198
935.92 303.7012
936.22 290.4291
936.52 277.8626
936.82 266.4190
937.12 254.8655
937.42 244.4122
937.72 234.0739
938.02 224.4847
938.32 214.3244
938.62 204.5249
938.92 196.3985
939.22 188.7496
939.52 181.9210
939.81 175.3480
940.11 170.2687
940.41 165.3527
940.71 160.6391
941.01 156.8332
941.31 154.0419
941.61 151.9868
941.91 149.0968
942.20 145.3007
942.50 142.8880
942.80 141.8880
943.10 141.3572
943.40 140.2812
943.70 138.2180
943.99 136.6436
944.29 136.2617
944.59 135.2956
944.89 134.7681
945.19 134.7843
945.48 136.6824
945.78 137.3523
946.08 136.7423
946.38 135.9122
946.67 135.6193
946.97 136.2196
947.27 137.5400
947.57 138.3831
947.86 139.2601
948.16 139.3734
948.46 140.1889
948.76 141.0158
949.05 143.2132
949.35 145.1858
949.65 145.9495
949.95 145.0515
950.24 145.3282
950.54 145.8055
950.84 148.1939
951.13 150.1470
951.43 150.6567
951.73 150.1405
952.02 149.3881
952.32 150.8105
952.62 152.4480
952.91 152.8234
953.21 152.7102
953.51 152.7328
953.80 154.5516
954.10 155.8024
954.40 156.2944
954.69 156.9918
954.99 159.1083
955.28 160.3721
955.58 160.9481
955.88 160.9514
956.17 161.6747
956.47 162.7540
956.76 163.6278
957.06 164.5032
957.36 164.2734
957.65 163.9773
957.95 163.2378
958.24 164.0760
958.54 165.0485
958.83 166.4321
959.13 166.7039
959.42 166.5324
959.72 166.1780
960.02 166.0696
960.31 166.6732
960.61 166.4725
960.90 166.3107
961.20 165.0696
961.49 165.5680
961.79 165.3398
962.08 165.6473
962.38 164.2362
962.67 163.5453
962.97 162.3058
963.26 161.7330
963.55 160.2362
963.85 159.8527
964.14 158.8203
964.44 159.9999
964.73 160.6472
965.03 162.2896
965.32 161.4482
965.62 160.3122
965.91 158.4643
966.20 157.7555
966.50 157.8623
966.79 157.1212
967.09 157.0921
967.38 155.7345
967.67 156.5031
967.97 156.2960
968.26 157.4707
968.56 156.3073
968.85 155.5678
969.14 154.1050
969.44 153.8866
969.73 153.0257
970.02 153.3234
970.32 152.4917
970.61 151.1406
970.90 149.2489
971.20 148.0013
971.49 147.9560
971.78 146.8848
972.08 146.7974
972.37 145.9220
972.66 145.9690
972.96 145.3185
973.25 146.1890
973.54 144.9981
973.83 143.5692
974.13 141.5466
974.42 141.2553
974.71 142.0110
975.00 141.0821
975.30 140.1598
975.59 139.1889
975.88 138.8248
976.17 139.0999
976.47 138.3183
976.76 136.4850
977.05 135.0853
977.34 134.0481
977.64 134.2746
977.93 133.0448
978.22 131.6467
978.51 131.0529
978.80 131.0448
979.09 131.8393
979.39 130.3829
979.68 129.1871
979.97 129.7114
980.26 130.0965
980.55 130.7616
980.84 128.8943
981.14 128.5172
981.43 127.7308
981.72 127.1483
982.01 127.0075
982.30 126.0156
982.59 124.6369
982.88 123.0948
983.17 122.3440
983.47 122.6676
983.76 122.8003
984.05 122.6336
984.34 121.7712
984.63 121.4799
984.92 120.8343
985.21 119.8262
985.50 118.8828
985.79 118.6222
986.08 118.7663
986.37 117.7339
986.66 116.7274
986.95 115.3843
987.24 115.8002
987.53 115.5720
987.82 116.1708
988.11 115.9814
988.40 115.3131
988.69 114.1125
988.98 113.3989
989.27 112.5655
989.56 111.7662
989.85 111.0623
990.14 111.2500
990.43 111.5623
990.72 110.0380
991.01 109.6043
991.30 107.9247
991.59 108.4360
991.88 107.8535
992.17 108.3583
992.46 107.8745
992.75 107.1431
993.04 106.4651
993.33 105.3971
993.62 104.3987
993.91 104.0427
994.20 102.7498
994.48 101.9472
994.77 101.0831
995.06 101.5993
995.35 101.7498
995.64 101.0184
995.93 100.3550
996.22 99.8501
996.51 100.2401
996.79 99.7660
997.08 99.0281
997.37 98.9537
997.66 99.3210
997.95 99.4763
998.24 98.7239
998.52 98.8905
998.81 98.6721
999.10 97.8792
999.39 96.5394
999.68 95.2012
999.96 94.8452
1000.25 94.3371
1000.54 95.2190
1000.83 94.7562
1001.12 94.0280
1001.40 92.3419
1001.69 91.2383
1001.98 91.5636
1002.27 91.5021
1002.55 91.7723
1002.84 91.0118
1003.13 90.9681
1003.42 91.1995
1003.70 91.2416
1003.99 90.4066
1004.28 89.2092
1004.56 88.1266
1004.85 87.2787
1005.14 87.5263
1005.43 87.6331
1005.71 88.4907
1006.00 87.8920
1006.29 87.6557
1006.57 86.7399
1006.86 86.1881
1007.15 85.6282
1007.43 85.4130
1007.72 85.3725
1008.01 85.3127
1008.29 85.2285
1008.58 85.0667
1008.86 85.1703
1009.15 84.8644
1009.44 84.8855
1009.72 84.8742
1010.01 85.9033
1010.30 85.1881
1010.58 84.0651
1010.87 82.9744
1011.15 82.7884
1011.44 83.5618
1011.72 83.3207
1012.01 83.3272
1012.30 82.6282
1012.58 81.8741
1012.87 81.3887
1013.15 81.0683
1013.44 80.4388
1013.72 81.1233
1014.01 80.5812
1014.29 81.6993
1014.58 80.5327
1014.86 81.2786
1015.15 80.5909
1015.43 81.5942
1015.72 81.0925
1016.00 80.7107
1016.29 79.0731
1016.57 78.3239
1016.86 78.3983
1017.14 78.2640
1017.43 78.3012
1017.71 77.3999
1018.00 77.2769
1018.28 77.2381
1018.57 78.2333
1018.85 78.7268
1019.13 78.2349
1019.42 77.0407
1019.70 77.1621
1019.99 77.2446
1020.27 78.3029
1020.56 77.7721
1020.84 77.0763
1021.12 76.2510
1021.41 75.8352
1021.69 77.3643
1021.97 77.0957
1022.26 76.5326
1022.54 75.0099
1022.83 75.3125
1023.11 75.8093
1023.39 75.6005
1023.68 75.3335
1023.96 75.3093
1024.24 74.8886
1024.53 74.4209
1024.81 74.0568
1025.09 74.4921
1025.38 74.4921
