325.708	6.0
326.042	0.0
326.376	-2.0
326.710	0.0
327.044	4.0
327.378	-2.0
327.712	-1.0
328.046	4.0
328.380	2.0
328.714	-6.0
329.048	-2.0
329.382	-5.0
329.716	-2.0
330.051	-2.0
330.385	-2.0
330.719	5.0
331.053	1.0
331.388	-2.0
331.722	-4.0
332.057	0.0
332.391	-7.0
332.726	4.0
333.060	1.0
333.395	4.0
333.729	-3.0
334.064	-1.0
334.398	-3.0
334.733	5.0
335.068	2.0
335.403	0.0
335.737	1.0
336.072	2.0
336.407	1.0
336.742	0.0
337.077	2.0
337.412	3.0
337.747	3.0
338.082	-3.0
338.417	-4.0
338.752	-3.0
339.087	-3.0
339.423	2.0
339.758	0.0
340.093	-4.0
340.428	-4.0
340.764	4.0
341.099	4.0
341.434	5.0
341.770	1.0
342.105	4.0
342.441	2.0
342.776	-1.0
343.112	-3.0
343.447	-1.0
343.783	-2.0
344.119	2.0
344.454	2.0
344.790	0.0
345.126	-1.0
345.462	3.0
345.798	5.0
346.133	3.0
346.469	-1.0
346.805	2.0
347.141	5.0
347.477	0.0
347.813	1.0
348.149	-1.0
348.485	0.0
348.822	2.0
349.158	-5.0
349.494	2.0
349.830	2.0
350.166	3.0
350.503	2.0
350.839	-6.0
351.175	-7.0
351.512	-5.0
351.848	1.0
352.185	6.0
352.521	2.0
352.858	0.0
353.194	5.0
353.531	1.0
353.868	-6.0
354.204	-3.0
354.541	2.0
354.878	2.0
355.215	-5.0
355.551	3.0
355.888	1.0
356.225	-1.0
356.562	-5.0
356.899	0.0
357.236	0.0
357.573	-7.0
357.910	1.0
358.247	3.0
358.584	7.0
358.921	-3.0
359.259	5.0
359.596	1.0
359.933	4.0
360.270	1.0
360.608	-2.0
360.945	4.0
361.282	-2.0
361.620	3.0
361.957	-7.0
362.295	-8.0
362.632	0.0
362.970	-1.0
363.307	-6.0
363.645	-3.0
363.983	0.0
364.320	8.0
364.658	4.0
364.996	2.0
365.333	-1.0
365.671	-2.0
366.009	0.0
366.347	4.0
366.685	-2.0
367.023	4.0
367.361	2.0
367.699	5.0
368.037	3.0
368.375	-2.0
368.713	5.0
369.051	5.0
369.389	0.0
369.728	0.0
370.066	-3.0
370.404	-1.0
370.742	1.0
371.081	3.0
371.419	0.0
371.757	6.0
372.096	0.0
372.434	1.0
372.773	7.0
373.111	0.0
373.450	-2.0
373.789	2.0
374.127	2.0
374.466	-2.0
374.805	1.0
375.143	-2.0
375.482	-3.0
375.821	4.0
376.160	-1.0
376.499	1.0
376.837	-1.0
377.176	-3.0
377.515	1.0
377.854	-3.0
378.193	0.0
378.532	-3.0
378.871	-2.0
379.211	4.0
379.550	3.0
379.889	3.0
380.228	2.0
380.567	-1.0
380.907	3.0
381.246	0.0
381.585	2.0
381.925	3.0
382.264	5.0
382.604	0.0
382.943	0.0
383.283	4.0
383.622	-2.0
383.962	-3.0
384.301	2.0
384.641	4.0
384.981	-2.0
385.320	5.0
385.660	3.0
386.000	0.0
386.340	6.0
386.679	1.0
387.019	-3.0
387.359	-1.0
387.699	-1.0
388.039	0.0
388.379	2.0
388.719	-4.0
389.059	-1.0
389.399	6.0
389.739	1.0
390.080	-1.0
390.420	-2.0
390.760	3.0
391.100	0.0
391.440	2.0
391.781	9.0
392.121	-1.0
392.461	2.0
392.802	-2.0
393.142	-1.0
393.483	5.0
393.823	-3.0
394.164	-1.0
394.504	2.0
394.845	5.0
395.186	5.0
395.526	3.0
395.867	4.0
396.208	4.0
396.548	1.0
396.889	4.0
397.230	-4.0
397.571	3.0
397.912	-3.0
398.253	-4.0
398.594	2.0
398.935	4.0
399.276	1.0
399.617	-2.0
399.958	-3.0
400.299	5.0
400.640	5.0
400.981	3.0
401.322	0.0
401.664	3.0
402.005	1.0
402.346	-1.0
402.687	2.0
403.029	-1.0
403.370	-5.0
403.712	0.0
404.053	3.0
404.395	-4.0
404.736	3.0
405.078	1.0
405.419	4.0
405.761	4.0
406.102	2.0
406.444	-4.0
406.786	5.0
407.127	-2.0
407.469	-2.0
407.811	3.0
408.153	-5.0
408.495	-5.0
408.837	10.0
409.179	9.0
409.520	-5.0
409.862	-6.0
410.204	0.0
410.546	0.0
410.889	6.0
411.231	0.0
411.573	-2.0
411.915	0.0
412.257	-3.0
412.599	2.0
412.942	5.0
413.284	0.0
413.626	-1.0
413.969	0.0
414.311	0.0
414.653	0.0
414.996	3.0
415.338	-2.0
415.681	0.0
416.023	5.0
416.366	-6.0
416.708	-5.0
417.051	-1.0
417.394	4.0
417.736	-2.0
418.079	4.0
418.422	-1.0
418.765	-1.0
419.108	6.0
419.450	2.0
419.793	3.0
420.136	0.0
420.479	-1.0
420.822	1.0
421.165	7.0
421.508	3.0
421.851	3.0
422.194	4.0
422.537	-2.0
422.880	4.0
423.224	2.0
423.567	3.0
423.910	-2.0
424.253	0.0
424.597	0.0
424.940	-3.0
425.283	-1.0
425.627	0.0
425.970	-2.0
426.314	8.0
426.657	5.0
427.001	-3.0
427.344	0.0
427.688	4.0
428.031	-1.0
428.375	4.0
428.719	-3.0
429.062	-3.0
429.406	-2.0
429.750	3.0
430.094	1.0
430.437	2.0
430.781	0.0
431.125	4.0
431.469	4.0
431.813	1.0
432.157	-1.0
432.501	3.0
432.845	3.0
433.189	-5.0
433.533	-3.0
433.877	4.0
434.221	-3.0
434.565	-2.0
434.910	6.0
435.254	1.0
435.598	3.0
435.942	1.0
436.287	1.0
436.631	0.0
436.975	6.0
437.320	2.0
437.664	8.0
438.009	12.0
438.353	3.0
438.698	3.0
439.042	13.0
439.387	4.0
439.732	4.0
440.076	9.0
440.421	5.0
440.766	5.0
441.110	7.0
441.455	4.0
441.800	4.0
442.145	15.0
442.490	13.0
442.834	1.0
443.179	12.0
443.524	9.0
443.869	8.0
444.214	6.0
444.559	11.0
444.904	7.0
445.249	10.0
445.595	15.0
445.940	14.0
446.285	18.0
446.630	11.0
446.975	12.0
447.321	13.0
447.666	7.0
448.011	7.0
448.357	8.0
448.702	11.0
449.047	12.0
449.393	13.0
449.738	17.0
450.084	15.0
450.429	14.0
450.775	15.0
451.120	16.0
451.466	11.0
451.812	8.0
452.157	10.0
452.503	3.0
452.849	-2.0
453.195	1.0
453.540	11.0
453.886	7.0
454.232	13.0
454.578	16.0
454.924	12.0
455.270	9.0
455.616	10.0
455.962	7.0
456.308	8.0
456.654	12.0
457.000	1.0
457.346	-5.0
457.692	7.0
458.038	4.0
458.384	8.0
458.731	6.0
459.077	6.0
459.423	16.0
459.770	18.0
460.116	7.0
460.462	3.0
460.809	8.0
461.155	4.0
461.502	3.0
461.848	7.0
462.195	-1.0
462.541	5.0
462.888	7.0
463.234	3.0
463.581	4.0
463.928	7.0
464.274	4.0
464.621	3.0
464.968	0.0
465.314	2.0
465.661	-3.0
466.008	4.0
466.355	-1.0
466.702	-2.0
467.049	12.0
467.396	11.0
467.743	1.0
468.090	5.0
468.437	6.0
468.784	7.0
469.131	4.0
469.478	2.0
469.825	5.0
470.172	4.0
470.519	2.0
470.867	4.0
471.214	0.0
471.561	4.0
471.908	6.0
472.256	2.0
472.603	3.0
472.951	5.0
473.298	4.0
473.645	2.0
473.993	0.0
474.340	-1.0
474.688	2.0
475.035	4.0
475.383	6.0
475.731	1.0
476.078	4.0
476.426	11.0
476.774	0.0
477.121	8.0
477.469	5.0
477.817	5.0
478.165	-2.0
478.513	12.0
478.860	-2.0
479.208	4.0
479.556	6.0
479.904	2.0
480.252	5.0
480.600	7.0
480.948	9.0
481.296	6.0
481.644	11.0
481.993	-1.0
482.341	2.0
482.689	8.0
483.037	2.0
483.385	11.0
483.734	6.0
484.082	4.0
484.430	-3.0
484.778	2.0
485.127	3.0
485.475	0.0
485.824	6.0
486.172	-4.0
486.521	7.0
486.869	3.0
487.218	-1.0
487.566	1.0
487.915	3.0
488.263	9.0
488.612	8.0
488.961	5.0
489.309	4.0
489.658	5.0
490.007	3.0
490.356	2.0
490.704	5.0
491.053	3.0
491.402	-1.0
491.751	8.0
492.100	10.0
492.449	2.0
492.798	6.0
493.147	8.0
493.496	1.0
493.845	-1.0
494.194	-1.0
494.543	8.0
494.892	1.0
495.241	9.0
495.591	5.0
495.940	1.0
496.289	-1.0
496.638	-1.0
496.988	2.0
497.337	4.0
497.686	0.0
498.036	5.0
498.385	4.0
498.734	1.0
499.084	4.0
499.433	5.0
499.783	5.0
500.132	3.0
500.482	6.0
500.832	5.0
501.181	6.0
501.531	5.0
501.881	7.0
502.230	-1.0
502.580	5.0
502.930	-3.0
503.279	2.0
503.629	3.0
503.979	12.0
504.329	4.0
504.679	2.0
505.029	5.0
505.379	1.0
505.729	5.0
506.079	7.0
506.429	0.0
506.779	1.0
507.129	6.0
507.479	2.0
507.829	1.0
508.179	3.0
508.529	-5.0
508.880	-1.0
509.230	4.0
509.580	8.0
509.930	3.0
510.281	8.0
510.631	7.0
510.981	8.0
511.332	1.0
511.682	-3.0
512.033	7.0
512.383	-3.0
512.734	3.0
513.084	4.0
513.435	-2.0
513.785	2.0
514.136	3.0
514.486	0.0
514.837	7.0
515.188	4.0
515.538	-1.0
515.889	3.0
516.240	4.0
516.591	6.0
516.942	6.0
517.292	1.0
517.643	3.0
517.994	-1.0
518.345	6.0
518.696	4.0
519.047	2.0
519.398	12.0
519.749	11.0
520.100	0.0
520.451	7.0
520.802	1.0
521.153	2.0
521.504	9.0
521.856	5.0
522.207	3.0
522.558	2.0
522.909	4.0
523.261	2.0
523.612	2.0
523.963	5.0
524.315	6.0
524.666	11.0
525.017	6.0
525.369	-1.0
525.720	7.0
526.072	1.0
526.423	2.0
526.775	8.0
527.126	-2.0
527.478	5.0
527.830	11.0
528.181	0.0
528.533	2.0
528.885	4.0
529.236	4.0
529.588	3.0
529.940	0.0
530.292	1.0
530.643	5.0
530.995	6.0
531.347	-1.0
531.699	3.0
532.051	3.0
532.403	1.0
532.755	-2.0
533.107	4.0
533.459	2.0
533.811	0.0
534.163	6.0
534.515	2.0
534.867	4.0
535.219	4.0
535.572	7.0
535.924	-2.0
536.276	7.0
536.628	-5.0
536.980	-1.0
537.333	2.0
537.685	6.0
538.037	4.0
538.390	4.0
538.742	-1.0
539.095	2.0
539.447	1.0
539.800	-1.0
540.152	-3.0
540.505	8.0
540.857	1.0
541.210	4.0
541.562	9.0
541.915	3.0
542.268	1.0
542.620	6.0
542.973	-1.0
543.326	6.0
543.678	2.0
544.031	2.0
544.384	-1.0
544.737	0.0
545.090	0.0
545.443	4.0
545.795	2.0
546.148	2.0
546.501	4.0
546.854	4.0
547.207	8.0
547.560	1.0
547.913	5.0
548.266	1.0
548.620	2.0
548.973	3.0
549.326	6.0
549.679	1.0
550.032	5.0
550.385	-1.0
550.739	2.0
551.092	2.0
551.445	0.0
551.799	1.0
552.152	3.0
552.505	6.0
552.859	4.0
553.212	3.0
553.566	3.0
553.919	1.0
554.272	4.0
554.626	-5.0
554.980	2.0
555.333	4.0
555.687	1.0
556.040	1.0
556.394	10.0
556.748	6.0
557.101	3.0
557.455	3.0
557.809	-3.0
558.163	0.0
558.516	3.0
558.870	2.0
559.224	3.0
559.578	3.0
559.932	-4.0
560.286	4.0
560.640	2.0
560.993	-1.0
561.347	3.0
561.701	8.0
562.055	-4.0
562.410	6.0
562.764	4.0
563.118	4.0
563.472	-4.0
563.826	3.0
564.180	2.0
564.534	3.0
564.889	2.0
565.243	0.0
565.597	-1.0
565.951	7.0
566.306	4.0
566.660	-5.0
567.014	7.0
567.369	2.0
567.723	0.0
568.078	6.0
568.432	2.0
568.787	4.0
569.141	7.0
569.496	-3.0
569.850	0.0
570.205	3.0
570.559	-1.0
570.914	1.0
571.269	4.0
571.623	3.0
571.978	-2.0
572.333	-1.0
572.687	0.0
573.042	3.0
573.397	5.0
573.752	-5.0
574.107	0.0
574.461	5.0
574.816	0.0
575.171	-4.0
575.526	4.0
575.881	-7.0
576.236	-2.0
576.591	1.0
576.946	1.0
577.301	5.0
577.656	5.0
578.011	2.0
578.366	-1.0
578.722	2.0
579.077	-1.0
579.432	-3.0
579.787	0.0
580.142	-1.0
580.498	-1.0
580.853	3.0
581.208	3.0
581.564	-3.0
581.919	1.0
582.274	3.0
582.630	1.0
582.985	6.0
583.341	3.0
583.696	7.0
584.052	-1.0
584.407	2.0
584.763	5.0
585.118	5.0
585.474	1.0
585.829	0.0
586.185	8.0
586.541	2.0
586.896	0.0
587.252	3.0
587.608	-1.0
587.963	0.0
588.319	5.0
588.675	4.0
589.031	-5.0
589.387	6.0
589.743	-2.0
590.098	-1.0
590.454	-1.0
590.810	-1.0
591.166	0.0
591.522	7.0
591.878	-2.0
592.234	1.0
592.590	1.0
592.946	0.0
593.302	3.0
593.658	3.0
594.015	0.0
594.371	1.0
594.727	3.0
595.083	1.0
595.439	-5.0
595.796	0.0
596.152	2.0
596.508	-3.0
596.865	1.0
597.221	-3.0
597.577	3.0
597.934	7.0
598.290	-5.0
598.646	-2.0
599.003	2.0
599.359	-3.0
599.716	0.0
600.072	2.0
600.429	3.0
600.785	-3.0
601.142	1.0
601.499	1.0
601.855	8.0
602.212	3.0
602.569	-1.0
602.925	2.0
603.282	2.0
603.639	-7.0
603.995	2.0
604.352	2.0
604.709	-2.0
605.066	2.0
605.423	4.0
605.780	-1.0
606.137	1.0
606.493	6.0
606.850	0.0
607.207	-3.0
607.564	3.0
607.921	4.0
608.278	-2.0
608.635	2.0
608.992	0.0
609.350	7.0
609.707	-2.0
610.064	1.0
610.421	0.0
610.778	3.0
611.135	-2.0
611.493	7.0
611.850	1.0
612.207	-1.0
612.564	2.0
612.922	3.0
613.279	-7.0
613.636	3.0
613.994	0.0
614.351	1.0
614.709	6.0
615.066	4.0
615.424	-4.0
615.781	3.0
616.139	3.0
616.496	0.0
616.854	3.0
617.211	4.0
617.569	-3.0
617.926	4.0
618.284	3.0
618.642	0.0
618.999	7.0
619.357	-1.0
619.715	-3.0
620.073	2.0
620.430	0.0
620.788	-5.0
621.146	5.0
621.504	-1.0
621.862	4.0
622.219	1.0
622.577	3.0
622.935	3.0
623.293	3.0
623.651	1.0
624.009	-5.0
624.367	3.0
624.725	3.0
625.083	0.0
625.441	0.0
625.799	5.0
626.157	-1.0
626.516	1.0
626.874	0.0
627.232	2.0
627.590	-2.0
627.948	1.0
628.307	6.0
628.665	-1.0
629.023	-2.0
629.381	0.0
629.740	-2.0
630.098	1.0
630.456	3.0
630.815	-2.0
631.173	-2.0
631.532	-3.0
631.890	-5.0
632.249	-2.0
632.607	-4.0
632.966	3.0
633.324	9.0
633.683	-5.0
634.041	3.0
634.400	-1.0
634.758	0.0
635.117	5.0
635.476	4.0
635.834	1.0
636.193	-2.0
636.552	-2.0
636.911	1.0
637.269	3.0
637.628	-2.0
637.987	0.0
638.346	4.0
638.705	0.0
639.063	-3.0
639.422	1.0
639.781	-1.0
640.140	2.0
640.499	5.0
640.858	-3.0
641.217	-2.0
641.576	-2.0
641.935	0.0
642.294	2.0
642.653	1.0
643.012	1.0
643.371	-3.0
643.731	-1.0
644.090	3.0
644.449	1.0
644.808	3.0
645.167	-3.0
645.527	1.0
645.886	2.0
646.245	-2.0
646.604	-6.0
646.964	-2.0
647.323	-4.0
647.682	-3.0
648.042	-3.0
648.401	-5.0
648.761	3.0
649.120	0.0
649.480	1.0
649.839	5.0
650.198	2.0
650.558	-5.0
650.918	-2.0
651.277	0.0
651.637	2.0
651.996	-6.0
652.356	-3.0
652.716	-2.0
653.075	0.0
653.435	1.0
653.795	-2.0
654.154	0.0
654.514	0.0
654.874	1.0
655.234	-1.0
655.593	2.0
655.953	-7.0
656.313	-7.0
656.673	1.0
657.033	-1.0
657.393	0.0
657.753	3.0
658.113	5.0
658.473	3.0
658.833	-1.0
659.193	2.0
659.553	-5.0
659.913	-1.0
660.273	3.0
660.633	1.0
660.993	6.0
661.353	3.0
661.713	6.0
662.073	-3.0
662.433	1.0
662.794	3.0
663.154	3.0
663.514	0.0
663.874	-2.0
664.235	-5.0
664.595	-3.0
664.955	-3.0
665.316	2.0
665.676	0.0
666.036	-6.0
666.397	-3.0
666.757	-1.0
667.117	0.0
667.478	-1.0
667.838	5.0
668.199	6.0
668.559	3.0
668.920	-5.0
669.280	1.0
669.641	2.0
670.002	-8.0
670.362	-3.0
670.723	0.0
671.083	2.0
671.444	1.0
671.805	-1.0
672.166	6.0
672.526	5.0
672.887	-5.0
673.248	-3.0
673.609	0.0
673.969	3.0
674.330	3.0
674.691	0.0
675.052	3.0
675.413	2.0
675.774	3.0
676.135	6.0
676.495	-1.0
676.856	-4.0
677.217	2.0
677.578	4.0
677.939	4.0
678.300	1.0
678.661	0.0
679.023	5.0
679.384	0.0
679.745	-4.0
680.106	7.0
680.467	0.0
680.828	2.0
681.189	3.0
681.551	0.0
681.912	6.0
682.273	-4.0
682.634	4.0
682.995	-2.0
683.357	0.0
683.718	8.0
684.079	2.0
684.441	2.0
684.802	1.0
685.164	-2.0
685.525	-1.0
685.886	-4.0
686.248	1.0
686.609	-4.0
686.971	3.0
687.332	1.0
687.694	-1.0
688.055	3.0
688.417	-2.0
688.778	-2.0
689.140	-2.0
689.502	-2.0
689.863	-4.0
690.225	-2.0
690.587	-2.0
690.948	2.0
691.310	5.0
691.672	-6.0
692.033	0.0
692.395	-3.0
692.757	-1.0
693.119	2.0
693.480	3.0
693.842	0.0
694.204	5.0
694.566	3.0
694.928	-6.0
695.290	-1.0
695.652	-1.0
696.014	-2.0
696.376	1.0
696.738	1.0
697.100	0.0
697.462	-2.0
697.824	1.0
698.186	0.0
698.548	-3.0
698.910	-5.0
699.272	-1.0
699.634	-1.0
699.996	-1.0
700.358	1.0
700.720	9.0
701.083	3.0
701.445	2.0
701.807	3.0
702.169	4.0
702.532	-5.0
702.894	-3.0
703.256	2.0
703.619	2.0
703.981	-1.0
704.343	2.0
704.706	-1.0
705.068	2.0
705.430	0.0
705.793	-5.0
706.155	-1.0
706.518	2.0
706.880	0.0
707.243	-1.0
707.605	0.0
707.968	-2.0
708.330	-5.0
708.693	0.0
709.055	-5.0
709.418	0.0
709.781	2.0
710.143	5.0
710.506	-5.0
710.869	1.0
711.231	0.0
711.594	-4.0
711.957	-1.0
712.319	-3.0
712.682	3.0
713.045	6.0
713.408	-3.0
713.771	1.0
714.133	-3.0
714.496	3.0
714.859	-4.0
715.222	1.0
715.585	0.0
715.948	-3.0
716.311	5.0
716.674	-6.0
717.037	-2.0
717.400	3.0
717.763	0.0
718.126	1.0
718.489	2.0
718.852	-5.0
719.215	2.0
719.578	2.0
719.941	-7.0
720.304	2.0
720.667	-5.0
721.030	-2.0
721.394	-4.0
721.757	1.0
722.120	-3.0
722.483	3.0
722.846	-2.0
723.210	1.0
723.573	-6.0
723.936	4.0
724.300	4.0
724.663	6.0
725.026	3.0
725.390	-1.0
725.753	3.0
726.116	-4.0
726.480	-5.0
726.843	-1.0
727.207	0.0
727.570	5.0
727.934	-1.0
728.297	2.0
728.661	1.0
729.024	-3.0
729.388	4.0
729.751	0.0
730.115	0.0
730.478	6.0
730.842	5.0
731.206	2.0
731.569	-1.0
731.933	-4.0
732.297	0.0
732.660	5.0
733.024	-2.0
733.388	0.0
733.751	1.0
734.115	-1.0
734.479	7.0
734.843	-2.0
735.207	-4.0
735.570	-4.0
735.934	6.0
736.298	1.0
736.662	-5.0
737.026	2.0
737.390	4.0
737.754	0.0
738.118	0.0
738.482	-7.0
738.846	-1.0
739.210	1.0
739.574	-1.0
739.938	5.0
740.302	0.0
740.666	-1.0
741.030	-4.0
741.394	-1.0
741.758	-4.0
742.122	-6.0
742.486	-2.0
742.850	-2.0
743.215	0.0
743.579	1.0
743.943	0.0
744.307	1.0
744.671	-1.0
745.036	-3.0
745.400	-6.0
745.764	-5.0
746.128	0.0
746.493	-2.0
746.857	2.0
747.221	-4.0
747.586	1.0
747.950	4.0
748.315	-3.0
748.679	-3.0
749.043	-1.0
749.408	-2.0
749.772	-7.0
750.137	-9.0
750.501	0.0
750.866	-1.0
751.230	-2.0
751.595	0.0
751.959	-2.0
752.324	9.0
752.689	1.0
753.053	-4.0
753.418	1.0
753.782	-4.0
754.147	8.0
754.512	4.0
754.876	0.0
755.241	2.0
755.606	-1.0
755.970	2.0
756.335	-3.0
756.700	0.0
757.065	1.0
757.430	3.0
757.794	3.0
758.159	-2.0
758.524	-4.0
758.889	4.0
759.254	5.0
759.619	5.0
759.983	2.0
760.348	9.0
760.713	-5.0
761.078	5.0
761.443	1.0
761.808	3.0
762.173	3.0
762.538	-1.0
762.903	7.0
763.268	5.0
763.633	0.0
763.998	2.0
764.363	-5.0
764.729	0.0
765.094	2.0
765.459	3.0
765.824	-3.0
766.189	5.0
766.554	2.0
766.919	2.0
767.285	2.0
767.650	2.0
768.015	-1.0
768.380	1.0
768.746	1.0
769.111	6.0
769.476	-1.0
769.841	7.0
770.207	3.0
770.572	2.0
770.937	5.0
771.303	3.0
771.668	1.0
772.034	-2.0
772.399	-3.0
772.764	2.0
773.130	1.0
773.495	9.0
773.861	2.0
774.226	7.0
774.592	1.0
774.957	8.0
775.323	8.0
775.688	7.0
776.054	6.0
776.419	9.0
776.785	5.0
777.151	8.0
777.516	6.0
777.882	11.0
778.247	15.0
778.613	10.0
778.979	12.0
779.345	16.0
779.710	19.0
780.076	18.0
780.442	21.0
780.807	24.0
781.173	23.0
781.539	32.0
781.905	43.0
782.271	59.0
782.636	99.0
783.002	176.0
783.368	766.0
783.734	3967.0
784.100	3979.0
784.466	3976.0
784.832	3980.0
785.197	1189.0
785.563	208.0
785.929	142.0
786.295	101.0
786.661	78.0
787.027	73.0
787.393	65.0
787.759	64.0
788.125	53.0
788.491	37.0
788.857	28.0
789.224	16.0
789.590	24.0
789.956	30.0
790.322	18.0
790.688	25.0
791.054	39.0
791.420	69.0
791.786	117.0
792.153	145.0
792.519	170.0
792.885	182.0
793.251	177.0
793.618	166.0
793.984	173.0
794.350	163.0
794.716	157.0
795.083	142.0
795.449	137.0
795.815	126.0
796.182	134.0
796.548	120.0
796.914	119.0
797.281	115.0
797.647	115.0
798.014	120.0
798.380	113.0
798.746	113.0
799.113	112.0
799.479	108.0
799.846	109.0
800.212	109.0
800.579	108.0
800.945	106.0
801.312	103.0
801.678	109.0
802.045	107.0
802.412	104.0
802.778	110.0
803.145	102.0
803.511	108.0
803.878	108.0
804.245	116.0
804.611	115.0
804.978	118.0
805.345	112.0
805.711	114.0
806.078	119.0
806.445	131.0
806.812	127.0
807.178	142.0
807.545	133.0
807.912	122.0
808.279	120.0
808.645	102.0
809.012	104.0
809.379	107.0
809.746	90.0
810.113	88.0
810.480	87.0
810.847	88.0
811.213	83.0
811.580	87.0
811.947	77.0
812.314	81.0
812.681	83.0
813.048	74.0
813.415	82.0
813.782	76.0
814.149	74.0
814.516	75.0
814.883	82.0
815.250	73.0
815.617	70.0
815.984	78.0
816.351	76.0
816.718	70.0
817.086	70.0
817.453	70.0
817.820	70.0
818.187	80.0
818.554	72.0
818.921	73.0
819.288	76.0
819.656	74.0
820.023	74.0
820.390	74.0
820.757	78.0
821.125	74.0
821.492	83.0
821.859	72.0
822.226	71.0
822.594	76.0
822.961	84.0
823.328	103.0
823.696	127.0
824.063	140.0
824.430	150.0
824.798	165.0
825.165	172.0
825.532	191.0
825.900	189.0
826.267	164.0
826.635	141.0
827.002	117.0
827.370	107.0
827.737	101.0
828.105	108.0
828.472	126.0
828.840	131.0
829.207	152.0
829.575	148.0
829.942	139.0
830.310	145.0
830.677	115.0
831.045	91.0
831.413	82.0
831.780	71.0
832.148	60.0
832.515	61.0
832.883	62.0
833.251	56.0
833.618	58.0
833.986	58.0
834.354	55.0
834.721	58.0
835.089	62.0
835.457	52.0
835.825	52.0
836.192	57.0
836.560	54.0
836.928	54.0
837.296	52.0
837.664	57.0
838.031	58.0
838.399	60.0
838.767	64.0
839.135	63.0
839.503	53.0
839.871	72.0
840.239	56.0
840.606	56.0
840.974	61.0
841.342	62.0
841.710	64.0
842.078	62.0
842.446	55.0
842.814	57.0
843.182	58.0
843.550	58.0
843.918	59.0
844.286	55.0
844.654	59.0
845.022	58.0
845.390	52.0
845.758	49.0
846.126	52.0
846.494	53.0
846.863	58.0
847.231	56.0
847.599	53.0
847.967	57.0
848.335	57.0
848.703	54.0
849.071	59.0
849.440	56.0
849.808	51.0
850.176	56.0
850.544	51.0
850.912	58.0
851.281	55.0
851.649	59.0
852.017	50.0
852.385	52.0
852.754	51.0
853.122	55.0
853.490	43.0
853.859	54.0
854.227	47.0
854.595	52.0
854.964	51.0
855.332	52.0
855.700	51.0
856.069	51.0
856.437	52.0
856.806	55.0
857.174	51.0
857.543	56.0
857.911	52.0
858.279	63.0
858.648	55.0
859.016	58.0
859.385	56.0
859.753	51.0
860.122	48.0
860.490	45.0
860.859	47.0
861.227	44.0
861.596	37.0
861.965	45.0
862.333	37.0
862.702	43.0
863.070	48.0
863.439	57.0
863.808	56.0
864.176	56.0
864.545	58.0
864.913	61.0
865.282	56.0
865.651	51.0
866.020	50.0
866.388	51.0
866.757	58.0
867.126	47.0
867.494	43.0
867.863	47.0
868.232	47.0
868.601	48.0
868.969	50.0
869.338	50.0
869.707	45.0
870.076	54.0
870.445	49.0
870.813	58.0
871.182	55.0
871.551	50.0
871.920	49.0
872.289	55.0
872.658	54.0
873.027	59.0
873.395	61.0
873.764	60.0
874.133	69.0
874.502	69.0
874.871	66.0
875.240	65.0
875.609	63.0
875.978	66.0
876.347	60.0
876.716	52.0
877.085	45.0
877.454	48.0
877.823	54.0
878.192	47.0
878.561	46.0
878.930	48.0
879.299	39.0
879.668	38.0
880.037	37.0
880.407	32.0
880.776	34.0
881.145	37.0
881.514	37.0
881.883	44.0
882.252	49.0
882.621	59.0
882.990	71.0
883.360	75.0
883.729	76.0
884.098	78.0
884.467	68.0
884.836	50.0
885.206	51.0
885.575	41.0
885.944	39.0
886.313	37.0
886.683	31.0
887.052	26.0
887.421	33.0
887.791	32.0
888.160	27.0
888.529	30.0
888.899	30.0
889.268	29.0
889.637	38.0
890.007	31.0
890.376	27.0
890.745	32.0
891.115	31.0
891.484	27.0
891.853	29.0
892.223	33.0
892.592	27.0
892.962	29.0
893.331	27.0
893.701	23.0
894.070	25.0
894.440	29.0
894.809	27.0
895.179	21.0
895.548	30.0
895.918	23.0
896.287	23.0
896.657	26.0
897.026	28.0
897.396	31.0
897.765	36.0
898.135	34.0
898.504	30.0
898.874	32.0
899.244	30.0
899.613	28.0
899.983	28.0
900.352	27.0
900.722	31.0
901.092	28.0
901.461	34.0
901.831	32.0
902.201	35.0
902.570	30.0
902.940	28.0
903.310	21.0
903.680	22.0
904.049	24.0
904.419	23.0
904.789	23.0
905.158	29.0
905.528	28.0
905.898	29.0
906.268	34.0
906.638	31.0
907.007	20.0
907.377	21.0
907.747	22.0
908.117	27.0
908.487	21.0
908.856	23.0
909.226	23.0
909.596	24.0
909.966	26.0
910.336	13.0
910.706	16.0
911.076	23.0
911.445	23.0
911.815	17.0
912.185	20.0
912.555	25.0
912.925	21.0
913.295	18.0
913.665	15.0
914.035	17.0
914.405	24.0
914.775	24.0
915.145	18.0
915.515	22.0
915.885	21.0
916.255	21.0
916.625	24.0
916.995	26.0
917.365	16.0
917.735	16.0
918.105	17.0
918.475	18.0
918.845	20.0
919.215	20.0
919.585	15.0
919.956	22.0
920.326	20.0
920.696	18.0
921.066	26.0
921.436	25.0
921.806	19.0
922.176	20.0
922.546	17.0
922.917	12.0
923.287	20.0
923.657	17.0
924.027	15.0
924.397	13.0
924.768	13.0
925.138	14.0
925.508	15.0
925.878	14.0
926.249	17.0
926.619	16.0
926.989	9.0
927.359	9.0
927.730	16.0
928.100	15.0
928.470	13.0
928.840	17.0
929.211	10.0
929.581	21.0
929.951	19.0
930.322	10.0
930.692	18.0
931.062	17.0
931.433	16.0
931.803	10.0
932.174	8.0
932.544	16.0
932.914	13.0
933.285	12.0
933.655	14.0
934.025	11.0
934.396	12.0
934.766	8.0
935.137	14.0
935.507	12.0
935.878	11.0
936.248	12.0
936.619	14.0
936.989	12.0
937.360	8.0
937.730	9.0
938.101	15.0
938.471	3.0
938.842	13.0
939.212	8.0
939.583	9.0
939.953	11.0
940.324	9.0
940.694	12.0
941.065	8.0
941.435	7.0
941.806	15.0
942.176	6.0
942.547	7.0
942.918	12.0
943.288	14.0
943.659	12.0
944.030	7.0
944.400	8.0
944.771	12.0
945.141	12.0
945.512	9.0
945.883	9.0
946.253	11.0
946.624	16.0
946.995	12.0
947.365	18.0
947.736	3.0
948.107	11.0
948.478	5.0
948.848	9.0
949.219	12.0
949.590	12.0
949.960	12.0
950.331	10.0
950.702	7.0
951.073	10.0
951.443	10.0
951.814	9.0
952.185	10.0
952.556	3.0
952.927	7.0
953.297	6.0
953.668	2.0
954.039	5.0
954.410	10.0
954.781	10.0
955.151	6.0
955.522	6.0
955.893	9.0
956.264	7.0
956.635	11.0
957.006	11.0
957.377	4.0
957.748	7.0
958.118	-1.0
958.489	8.0
958.860	9.0
959.231	8.0
959.602	7.0
959.973	9.0
960.344	5.0
960.715	3.0
961.086	10.0
961.457	0.0
961.828	11.0
962.199	5.0
962.570	5.0
962.941	6.0
963.312	4.0
963.683	4.0
964.054	0.0
964.425	5.0
964.796	6.0
965.167	-2.0
965.538	6.0
965.909	7.0
966.280	5.0
966.651	-1.0
967.022	1.0
967.393	2.0
967.764	4.0
968.135	7.0
968.506	3.0
968.877	11.0
969.248	5.0
969.619	5.0
969.991	5.0
970.362	6.0
970.733	5.0
971.104	11.0
971.475	6.0
971.846	7.0
972.217	1.0
972.588	6.0
972.960	9.0
973.331	1.0
973.702	3.0
974.073	2.0
974.444	9.0
974.815	3.0
975.187	5.0
975.558	6.0
975.929	3.0
976.300	3.0
976.672	8.0
977.043	0.0
977.414	3.0
977.785	0.0
978.156	2.0
978.528	3.0
978.899	-1.0
979.270	7.0
979.641	2.0
980.013	2.0
980.384	5.0
980.755	0.0
981.127	0.0
981.498	1.0
981.869	3.0
982.240	1.0
982.612	3.0
982.983	3.0
983.354	3.0
983.726	3.0
984.097	4.0
984.468	1.0
984.840	1.0
985.211	7.0
985.583	6.0
985.954	6.0
986.325	11.0
986.697	2.0
987.068	4.0
987.439	-1.0
987.811	0.0
988.182	0.0
988.554	-2.0
988.925	-2.0
989.296	1.0
989.668	5.0
990.039	2.0
990.411	7.0
990.782	0.0
991.154	3.0
991.525	2.0
991.896	11.0
992.268	5.0
992.639	0.0
993.011	2.0
993.382	3.0
993.754	6.0
994.125	0.0
994.497	2.0
994.868	-1.0
995.240	5.0
995.611	6.0
995.983	0.0
996.354	8.0
996.726	5.0
997.097	-1.0
997.469	5.0
997.840	2.0
998.212	-6.0
998.584	-1.0
998.955	3.0
999.327	3.0
999.698	8.0
1000.070	2.0
1000.441	0.0
1000.813	5.0
1001.185	4.0
1001.556	7.0
1001.928	5.0
1002.299	-6.0
1002.671	0.0
1003.043	2.0
1003.414	-4.0
1003.786	0.0
1004.157	4.0
1004.529	-3.0
1004.901	9.0
1005.272	0.0
1005.644	1.0
1006.016	-2.0
1006.387	7.0
1006.759	7.0
1007.131	-3.0
1007.502	5.0
1007.874	4.0
1008.246	6.0
1008.617	1.0
1008.989	-3.0
1009.361	7.0
1009.732	7.0
1010.104	4.0
1010.476	0.0
1010.847	3.0
1011.219	5.0
1011.591	3.0
1011.963	6.0
1012.334	6.0
1012.706	7.0
1013.078	10.0
1013.450	6.0
1013.821	2.0
1014.193	8.0
1014.565	1.0
1014.937	3.0
1015.308	11.0
1015.680	14.0
1016.052	16.0
1016.424	27.0
1016.795	18.0
1017.167	23.0
1017.539	23.0
1017.911	22.0
1018.283	14.0
1018.654	17.0
1019.026	19.0
1019.398	17.0
1019.770	14.0
1020.142	17.0
1020.514	12.0
1020.885	16.0
1021.257	11.0
1021.629	8.0
1022.001	10.0
1022.373	9.0
1022.745	5.0
1023.116	11.0
1023.488	3.0
1023.860	5.0
1024.232	0.0
1024.604	0.0
1024.976	2.0
1025.348	-2.0
1025.720	7.0
1026.091	0.0
1026.463	4.0
1026.835	7.0
1027.207	1.0
1027.579	3.0
1027.951	1.0
1028.323	4.0
1028.695	10.0
1029.067	1.0
1029.439	-7.0
1029.811	5.0
1030.183	5.0
1030.554	3.0
1030.926	-2.0
1031.298	0.0
1031.670	2.0
1032.042	6.0
1032.414	5.0
1032.786	1.0
1033.158	5.0
1033.530	2.0
1033.902	1.0
1034.274	4.0
1034.646	2.0
1035.018	-8.0
1035.390	7.0
1035.762	0.0
1036.134	1.0
1036.506	-8.0
1036.878	1.0
1037.250	-2.0
1037.622	1.0
1037.994	1.0
1038.366	0.0
1038.738	3.0
1039.110	0.0
1039.482	2.0
1039.854	0.0
1040.226	2.0
1040.598	-1.0
1040.970	-2.0
1041.342	2.0
1041.714	1.0
1042.086	-1.0
1042.458	-1.0
1042.830	-3.0
1043.202	0.0
1043.574	-7.0
1043.947	0.0
1044.319	-1.0
1044.691	1.0
1045.063	3.0
1045.435	4.0
1045.807	-3.0
1046.179	-3.0
1046.551	0.0
1046.923	-1.0
1047.295	-3.0
1047.667	3.0
1048.039	0.0
1048.412	3.0
1048.784	2.0
1049.156	3.0
1049.528	-1.0
1049.900	1.0
1050.272	-3.0
1050.644	1.0
1051.016	1.0
1051.388	3.0
1051.761	-2.0
1052.133	4.0
1052.505	2.0
1052.877	-2.0
1053.249	5.0
1053.621	0.0
1053.993	-4.0
1054.366	9.0
1054.738	4.0
1055.110	-1.0
1055.482	5.0
1055.854	6.0
1056.226	-2.0
1056.598	1.0
1056.971	2.0
1057.343	-2.0
1057.715	4.0
1058.087	-4.0
1058.459	3.0
1058.831	3.0
1059.204	-5.0
1059.576	-2.0
